fire_id,cell_id,lat,lon,tree_cover,tree_cover_annual,burn_severity_dnbr,slope_deg,elevation_m,road_distance_km,ndvi_before,ndvi_after,ndvi_drop,severity_class,land_cover,prediction_status,recovery_gap_pred,priority_score,priority_class
MAR_2024_01,MAR_2024_01_000084,40.3412,26.28326,0.42727253,0.47705224,0.13112727,7.127296,109.9029,0.87785155,0.2632296,0.2830137,-0.019784093,dusuk,Otlak/calilik,low_severity,,0.0,DUSUK
MAR_2024_01,MAR_2024_01_000105,40.34157,26.34507,0.0,0.0,0.20890526,2.7129593,41.685806,0.60866904,0.21553302,0.13156374,0.08396928,dusuk,Tarim,low_severity,,0.0,DUSUK
MAR_2024_01,MAR_2024_01_000106,40.34159,26.34802,0.0,0.0,0.23945552,2.832612,39.526524,0.37117076,0.28775746,0.10436744,0.18339002,dusuk,Tarim,low_severity,,0.0,DUSUK
MAR_2024_01,MAR_2024_01_000107,40.3416,26.35096,0.13234295,0.0,0.18191774,3.2790499,37.04133,0.12707128,0.25708753,0.13831404,0.11877349,dusuk,Tarim,low_severity,,0.0,DUSUK
MAR_2024_01,MAR_2024_01_000114,40.34172,26.37156,0.059875984,0.012031552,0.1036266,4.5152454,43.575935,0.4952886,0.21699518,0.1994715,0.017523676,dusuk,Tarim,low_severity,,0.0,DUSUK
MAR_2024_01,MAR_2024_01_000115,40.34173,26.37451,0.0,0.019665305,0.17916468,3.7595055,40.776936,0.7365678,0.36757845,0.23252586,0.13505259,dusuk,Tarim,low_severity,,0.0,DUSUK
MAR_2024_01,MAR_2024_01_000116,40.34175,26.37745,0.0,0.00050214987,0.28882495,2.7781188,38.494354,0.9822186,0.372367,0.12767512,0.24469188,orta-dusuk,Tarim,predicted,0.1567,0.1942,DUSUK
MAR_2024_01,MAR_2024_01_000117,40.34176,26.38039,0.0,0.0,0.2911891,2.708311,39.02815,1.2296238,0.3607329,0.12156184,0.23917107,orta-dusuk,Tarim,predicted,0.1516,0.154,DUSUK
MAR_2024_01,MAR_2024_01_000118,40.34178,26.38334,0.0,0.0,0.30413434,2.6624103,39.810505,1.4779025,0.369621,0.117158905,0.2524621,orta-dusuk,Tarim,predicted,0.1614,0.1381,DUSUK
MAR_2024_01,MAR_2024_01_000119,40.3418,26.38628,0.0,0.0,0.250663,2.6023097,41.05709,1.7028463,0.2760191,0.1109273,0.1650918,dusuk,Tarim,low_severity,,0.0,DUSUK
MAR_2024_01,MAR_2024_01_000120,40.34181,26.38922,0.0,0.0,0.29023644,2.389241,42.775673,1.4806356,0.33183658,0.11650783,0.21532875,orta-dusuk,Tarim,predicted,0.1304,0.0837,DUSUK
MAR_2024_01,MAR_2024_01_000121,40.34183,26.39217,0.0,0.0,0.25810504,2.2268565,44.185516,1.2688098,0.24803779,0.15198717,0.09605062,dusuk,Tarim,low_severity,,0.0,DUSUK
MAR_2024_01,MAR_2024_01_000123,40.34186,26.39805,0.0,0.0,0.28238398,3.8088129,45.95005,0.9055778,0.25985417,0.1054072,0.15444696,orta-dusuk,Tarim,low_severity,,0.0,DUSUK
MAR_2024_01,MAR_2024_01_000129,40.34195,26.41571,0.3695052,0.0,0.11225668,2.2632916,64.90996,0.3907413,0.22533572,0.17686525,0.048470467,dusuk,Tarim,low_severity,,0.0,DUSUK
MAR_2024_01,MAR_2024_01_000170,40.3393,26.34215,0.0,0.0,0.23330897,0.9540355,46.35686,0.67590505,0.28928956,0.10409239,0.18519717,dusuk,Tarim,low_severity,,0.0,DUSUK
MAR_2024_01,MAR_2024_01_000171,40.33932,26.3451,0.0,0.0,0.26361126,0.7830868,43.266335,0.4464688,0.32309163,0.09515119,0.22794044,dusuk,Tarim,low_severity,,0.0,DUSUK
MAR_2024_01,MAR_2024_01_000172,40.33933,26.34804,0.0,0.0,0.27335048,0.6012025,40.581226,0.25849783,0.33794433,0.07957958,0.25836474,orta-dusuk,Tarim,predicted,0.1658,0.2673,ORTA
MAR_2024_01,MAR_2024_01_000173,40.33935,26.35098,0.0,0.0,0.26121092,0.7286508,37.93527,0.2435321,0.33285534,0.09505493,0.23780042,dusuk,Tarim,low_severity,,0.0,DUSUK
MAR_2024_01,MAR_2024_01_000174,40.33937,26.35392,0.0,0.0,0.21576083,0.45733353,35.10535,0.32449538,0.27675164,0.13495511,0.14179653,dusuk,Tarim,low_severity,,0.0,DUSUK
MAR_2024_01,MAR_2024_01_000178,40.33943,26.3657,0.0,0.0,0.2021928,0.5238608,36.027695,0.0970308,0.20505622,0.15343246,0.05162376,dusuk,Tarim,low_severity,,0.0,DUSUK
MAR_2024_01,MAR_2024_01_000179,40.33945,26.36864,0.0,0.0,0.2310718,0.2791527,36.316616,0.2379838,0.22346659,0.15983008,0.06363651,dusuk,Tarim,low_severity,,0.0,DUSUK
MAR_2024_01,MAR_2024_01_000180,40.33946,26.37158,0.0,0.0,0.23856604,0.25304604,36.86067,0.47839063,0.29568523,0.17032655,0.12535869,dusuk,Tarim,low_severity,,0.0,DUSUK
MAR_2024_01,MAR_2024_01_000181,40.33948,26.37453,0.0,0.0,0.29380417,0.20714283,37.305656,0.72531295,0.34673882,0.10657726,0.24016155,orta-dusuk,Tarim,predicted,0.146,0.1712,DUSUK
MAR_2024_01,MAR_2024_01_000182,40.3395,26.37747,0.0,0.0,0.32872626,0.23373614,38.130775,0.9738071,0.37963712,0.09335858,0.28627855,orta-dusuk,Tarim,predicted,0.1814,0.1977,DUSUK
MAR_2024_01,MAR_2024_01_000183,40.33951,26.38041,0.0,0.0,0.30325165,0.27666444,39.11089,1.2229152,0.36234975,0.11784167,0.24450809,orta-dusuk,Tarim,predicted,0.1491,0.115,DUSUK
MAR_2024_01,MAR_2024_01_000184,40.33953,26.38336,0.0,0.0,0.25650552,0.31516033,40.21406,1.4723257,0.26773393,0.13399638,0.13373755,dusuk,Tarim,low_severity,,0.0,DUSUK
MAR_2024_01,MAR_2024_01_000189,40.3396,26.39807,0.0,0.0,0.23885556,0.19074166,45.431927,1.1162987,0.2287567,0.11680474,0.111951955,dusuk,Tarim,low_severity,,0.0,DUSUK
MAR_2024_01,MAR_2024_01_000190,40.33962,26.40102,0.0,0.0,0.21710017,0.22198471,46.186333,0.8878631,0.25920716,0.13110961,0.12809755,dusuk,Tarim,low_severity,,0.0,DUSUK
MAR_2024_01,MAR_2024_01_000191,40.33964,26.40396,0.0,0.0,0.22916415,0.2413447,46.89016,0.6484919,0.23980756,0.117061764,0.1227458,dusuk,Tarim,low_severity,,0.0,DUSUK
MAR_2024_01,MAR_2024_01_000197,40.33973,26.42162,0.18521793,0.1829333,0.102857314,1.3796751,63.985424,0.29225993,0.2056874,0.20928541,-0.0035980046,dusuk,Tarim,low_severity,,0.0,DUSUK
MAR_2024_01,MAR_2024_01_000236,40.33705,26.34217,0.0,0.0,0.16427502,1.0923922,48.655937,0.640862,0.20384967,0.10625139,0.097598284,dusuk,Tarim,low_severity,,0.0,DUSUK
MAR_2024_01,MAR_2024_01_000237,40.33706,26.34512,0.0,0.0,0.19284959,0.94357765,44.768543,0.39139596,0.23306629,0.09876445,0.13430184,dusuk,Tarim,low_severity,,0.0,DUSUK
MAR_2024_01,MAR_2024_01_000238,40.33708,26.34806,0.0,0.0,0.2414946,0.73724675,41.190754,0.1437969,0.30925483,0.100164145,0.20909068,dusuk,Tarim,low_severity,,0.0,DUSUK
MAR_2024_01,MAR_2024_01_000239,40.3371,26.351,0.0,0.0,0.31913638,0.7760884,37.928646,0.11473578,0.39879405,0.10168882,0.29710525,orta-dusuk,Tarim,predicted,0.1928,0.3314,ORTA
MAR_2024_01,MAR_2024_01_000240,40.33711,26.35395,0.0,0.0,0.19785576,0.38361698,35.290943,0.36145684,0.23298255,0.12805022,0.10493232,dusuk,Tarim,low_severity,,0.0,DUSUK
MAR_2024_01,MAR_2024_01_000244,40.33718,26.36572,0.0,0.0,0.24859197,0.13931257,35.883877,0.3434556,0.20472296,0.13137619,0.073346764,dusuk,Tarim,low_severity,,0.0,DUSUK
MAR_2024_01,MAR_2024_01_000245,40.3372,26.36866,0.0,0.0,0.22232553,0.08763315,36.252716,0.4064272,0.20252025,0.14061451,0.06190574,dusuk,Tarim,low_severity,,0.0,DUSUK
MAR_2024_01,MAR_2024_01_000248,40.33724,26.37749,0.0,0.0,0.25731057,0.25027472,38.44171,1.0280306,0.25745162,0.11045548,0.14699614,dusuk,Tarim,low_severity,,0.0,DUSUK
MAR_2024_01,MAR_2024_01_000249,40.33726,26.38043,0.0,0.0,0.31574205,0.21026185,39.278133,1.2665182,0.35979325,0.116497375,0.24329588,orta-dusuk,Tarim,predicted,0.1459,0.1034,DUSUK
MAR_2024_01,MAR_2024_01_000252,40.33731,26.38926,0.0,0.0,0.25309852,0.29881656,42.000755,1.28516,0.21083757,0.13767552,0.07316205,dusuk,Tarim,low_severity,,0.0,DUSUK
MAR_2024_01,MAR_2024_01_000253,40.33732,26.39221,0.0,0.0,0.22302619,0.44779488,43.626278,1.132817,0.20769948,0.17025736,0.037442118,dusuk,Tarim,low_severity,,0.0,DUSUK
MAR_2024_01,MAR_2024_01_000255,40.33735,26.39809,0.0,0.0,0.19815221,0.346703,45.670734,0.95997447,0.2726633,0.17891255,0.093750745,dusuk,Otlak/calilik,low_severity,,0.0,DUSUK
MAR_2024_01,MAR_2024_01_000256,40.33737,26.40104,0.0,0.0,0.29469875,0.33384988,47.00076,0.9634258,0.36557272,0.12609571,0.23947701,orta-dusuk,Tarim,predicted,0.1462,0.1436,DUSUK
MAR_2024_01,MAR_2024_01_000257,40.33738,26.40398,0.0,0.0,0.34898606,0.45388845,48.048916,0.7696549,0.38801143,0.06925869,0.31875274,orta-dusuk,Tarim,predicted,0.2075,0.2685,ORTA
MAR_2024_01,MAR_2024_01_000258,40.3374,26.40692,0.0,0.0,0.22152722,2.001883,52.27239,0.5868316,0.29653108,0.11085468,0.1856764,dusuk,Tarim,low_severity,,0.0,DUSUK
MAR_2024_01,MAR_2024_01_000259,40.33741,26.40987,0.34115657,0.0688475,0.106116,2.8388584,60.281578,0.38357267,0.2113049,0.2088753,0.0024296045,dusuk,Tarim,low_severity,,0.0,DUSUK
MAR_2024_01,MAR_2024_01_000303,40.33481,26.34514,0.05988293,0.0,0.12301215,2.0954247,48.61368,0.4817128,0.2011483,0.13474934,0.06639896,dusuk,Tarim,low_severity,,0.0,DUSUK
MAR_2024_01,MAR_2024_01_000304,40.33483,26.34808,0.0,0.0,0.20094414,1.2753012,41.460712,0.31549004,0.27461672,0.13151205,0.14310467,dusuk,Tarim,low_severity,,0.0,DUSUK
MAR_2024_01,MAR_2024_01_000305,40.33485,26.35102,0.0,0.0,0.28247303,0.78504026,37.45905,0.30334917,0.3572368,0.1010097,0.2562271,orta-dusuk,Tarim,predicted,0.1628,0.2596,ORTA
MAR_2024_01,MAR_2024_01_000313,40.33498,26.37457,0.0,0.0,0.19808425,0.19067399,37.449726,0.93175775,0.2287525,0.09786664,0.13088585,dusuk,Tarim,low_severity,,0.0,DUSUK
MAR_2024_01,MAR_2024_01_000314,40.33499,26.37751,0.0,0.0,0.23206308,0.18934804,38.093025,1.135955,0.23570743,0.087474465,0.14823297,dusuk,Tarim,low_severity,,0.0,DUSUK
MAR_2024_01,MAR_2024_01_000315,40.33501,26.38045,0.0,0.0,0.2453168,0.30617753,38.930805,1.3555866,0.24511647,0.11347938,0.1316371,dusuk,Tarim,low_severity,,0.0,DUSUK
MAR_2024_01,MAR_2024_01_000317,40.33504,26.38634,0.0,0.0,0.24563189,0.29769257,41.677517,1.3155881,0.20321517,0.11133273,0.09188244,dusuk,Tarim,low_severity,,0.0,DUSUK
MAR_2024_01,MAR_2024_01_000318,40.33505,26.38928,0.0,0.0,0.24676816,0.29426295,42.46186,1.1123896,0.2750973,0.1279031,0.1471942,dusuk,Tarim,low_severity,,0.0,DUSUK
MAR_2024_01,MAR_2024_01_000319,40.33507,26.39223,0.0,0.0,0.24129137,0.40027058,43.416485,0.9322279,0.29668894,0.1465537,0.15013525,dusuk,Tarim,low_severity,,0.0,DUSUK
MAR_2024_01,MAR_2024_01_000320,40.33509,26.39517,0.0,0.0,0.19792917,0.41842046,44.430016,0.7910039,0.21717188,0.16959271,0.04757917,dusuk,Tarim,low_severity,,0.0,DUSUK
MAR_2024_01,MAR_2024_01_000321,40.3351,26.39811,0.0,0.0,0.21254274,0.39778617,46.063847,0.7122679,0.2455638,0.14503741,0.10052639,dusuk,Tarim,low_severity,,0.0,DUSUK
MAR_2024_01,MAR_2024_01_000322,40.33512,26.40106,0.0,0.0,0.3008725,0.32278162,47.408054,0.7169127,0.28495288,0.096254006,0.18869887,orta-dusuk,Tarim,low_severity,,0.0,DUSUK
MAR_2024_01,MAR_2024_01_000323,40.33513,26.404,0.0,0.0,0.27717704,0.37170103,48.688213,0.7698291,0.26145494,0.10799592,0.15345901,orta-dusuk,Tarim,low_severity,,0.0,DUSUK
MAR_2024_01,MAR_2024_01_000324,40.33515,26.40694,0.0,0.0,0.26381576,0.625577,50.57966,0.5199937,0.267668,0.08805446,0.17961355,dusuk,Tarim,low_severity,,0.0,DUSUK
MAR_2024_01,MAR_2024_01_000326,40.33518,26.41283,0.098384716,0.0,0.14889288,1.5718017,55.408463,0.030111503,0.20005822,0.18259269,0.017465532,dusuk,Tarim,low_severity,,0.0,DUSUK
MAR_2024_01,MAR_2024_01_000349,40.33221,26.2863,0.5731948,0.34081134,0.10133557,2.7885425,42.719368,0.32786608,0.25869948,0.26530594,-0.0066064596,dusuk,Tarim,low_severity,,0.0,DUSUK
MAR_2024_01,MAR_2024_01_000350,40.33223,26.28925,0.13985163,0.037263066,0.1220351,2.6787436,40.31532,0.42203215,0.21147084,0.21450537,-0.003034532,dusuk,Tarim,low_severity,,0.0,DUSUK
MAR_2024_01,MAR_2024_01_000353,40.33228,26.29807,0.4143123,0.5538408,0.10882206,2.897793,42.604706,0.7989948,0.23600906,0.25767654,-0.02166748,dusuk,Tarim,low_severity,,0.0,DUSUK
MAR_2024_01,MAR_2024_01_000370,40.33258,26.3481,0.0,0.0,0.18620971,1.4601128,40.917664,0.44946158,0.2579049,0.13332996,0.12457493,dusuk,Tarim,low_severity,,0.0,DUSUK
MAR_2024_01,MAR_2024_01_000371,40.33259,26.35105,0.0,0.0,0.20630048,0.5802033,36.96355,0.3570105,0.26420712,0.11993927,0.14426786,dusuk,Tarim,low_severity,,0.0,DUSUK
MAR_2024_01,MAR_2024_01_000379,40.33272,26.37459,0.0,0.0,0.22103947,0.1441676,37.05425,1.1075736,0.25203964,0.07337145,0.1786682,dusuk,Tarim,low_severity,,0.0,DUSUK
MAR_2024_01,MAR_2024_01_000380,40.33274,26.37753,0.0,0.0,0.2721531,0.23267233,37.7682,1.2841108,0.29185432,0.10169135,0.19016297,orta-dusuk,Tarim,low_severity,,0.0,DUSUK
MAR_2024_01,MAR_2024_01_000382,40.33277,26.38342,0.0,0.0,0.24415055,0.2929989,40.375275,1.4352381,0.26565927,0.10023483,0.16542444,dusuk,Tarim,low_severity,,0.0,DUSUK
MAR_2024_01,MAR_2024_01_000383,40.33279,26.38636,0.0,0.0,0.2324684,0.27507338,41.16022,1.2006443,0.25608504,0.09401619,0.16206884,dusuk,Tarim,low_severity,,0.0,DUSUK
MAR_2024_01,MAR_2024_01_000384,40.3328,26.3893,0.0,0.0,0.22047195,0.23101564,41.536163,0.9737479,0.25602186,0.106898874,0.14912298,dusuk,Tarim,low_severity,,0.0,DUSUK
MAR_2024_01,MAR_2024_01_000385,40.33282,26.39225,0.0,0.0,0.24089181,0.25536275,42.29766,0.7614613,0.24852854,0.099577315,0.14895123,dusuk,Tarim,low_severity,,0.0,DUSUK
MAR_2024_01,MAR_2024_01_000391,40.33291,26.40991,0.53746474,0.45993403,0.15803729,2.5192125,57.578815,0.35238072,0.23940592,0.2150074,0.02439852,dusuk,Tarim,low_severity,,0.0,DUSUK
MAR_2024_01,MAR_2024_01_000394,40.33295,26.41873,0.55048573,0.013389956,0.10786369,4.2163477,69.29326,0.48577517,0.21361199,0.23136309,-0.017751098,dusuk,Yerlesim,low_severity,,0.0,DUSUK
MAR_2024_01,MAR_2024_01_000415,40.32996,26.28633,0.02524547,0.0,0.14739326,2.0497181,32.939568,0.07914608,0.21617056,0.18582825,0.03034231,dusuk,Tarim,low_severity,,0.0,DUSUK
MAR_2024_01,MAR_2024_01_000416,40.32998,26.28927,0.09770535,0.0,0.11112511,1.5168526,32.58115,0.27727076,0.26254183,0.17919755,0.08334428,dusuk,Tarim,low_severity,,0.0,DUSUK
MAR_2024_01,MAR_2024_01_000417,40.33,26.29221,0.0,0.0,0.15439285,1.6626395,32.711838,0.5220096,0.21612573,0.13571385,0.08041188,dusuk,Tarim,low_severity,,0.0,DUSUK
MAR_2024_01,MAR_2024_01_000418,40.33001,26.29515,0.35933322,0.0,0.12169406,1.6284252,34.354206,0.7072752,0.2207843,0.19732323,0.023461074,dusuk,Tarim,low_severity,,0.0,DUSUK
MAR_2024_01,MAR_2024_01_000419,40.33003,26.2981,0.43054277,0.18563682,0.11625743,1.7685562,35.305275,0.7721348,0.22658479,0.23902985,-0.012445062,dusuk,Tarim,low_severity,,0.0,DUSUK
MAR_2024_01,MAR_2024_01_000420,40.33005,26.30104,0.7708994,0.4064062,0.106014416,3.1115236,43.90412,0.54735893,0.24682191,0.26155937,-0.014737457,dusuk,Tarim,low_severity,,0.0,DUSUK
MAR_2024_01,MAR_2024_01_000436,40.33033,26.34812,0.0,0.0,0.19227748,0.98744255,40.43065,0.2508733,0.265383,0.12602955,0.13935345,dusuk,Tarim,low_severity,,0.0,DUSUK
MAR_2024_01,MAR_2024_01_000437,40.33034,26.35107,0.0,0.0,0.16315004,0.55186087,37.802284,0.29705447,0.21394314,0.103373095,0.11057004,dusuk,Tarim,low_severity,,0.0,DUSUK
MAR_2024_01,MAR_2024_01_000445,40.33047,26.37461,0.0,0.0,0.24972919,0.17331596,37.03755,1.1746949,0.256074,0.08175947,0.17431454,dusuk,Tarim,low_severity,,0.0,DUSUK
MAR_2024_01,MAR_2024_01_000446,40.33049,26.37755,0.0,0.0,0.26990414,0.24204613,37.976265,1.4107661,0.2809621,0.083973974,0.19698814,dusuk,Tarim,low_severity,,0.0,DUSUK
MAR_2024_01,MAR_2024_01_000447,40.3305,26.3805,0.0,0.0,0.2542253,0.4479489,38.90842,1.6245136,0.24069946,0.107227534,0.13347192,dusuk,Tarim,low_severity,,0.0,DUSUK
MAR_2024_01,MAR_2024_01_000448,40.33052,26.38344,0.047891412,0.074250564,0.19067852,2.1313913,42.445286,1.376838,0.2831631,0.15362717,0.12953593,dusuk,Tarim,low_severity,,0.0,DUSUK
MAR_2024_01,MAR_2024_01_000449,40.33053,26.38638,0.0,0.0,0.18792719,2.0368695,41.404625,1.1301863,0.20788391,0.1034286,0.10445531,dusuk,Tarim,low_severity,,0.0,DUSUK
MAR_2024_01,MAR_2024_01_000479,40.32767,26.28046,0.37854695,0.3424898,0.1271922,2.3773692,29.441013,0.37606117,0.20975181,0.23025,-0.020498186,dusuk,Tarim,low_severity,,0.0,DUSUK
MAR_2024_01,MAR_2024_01_000480,40.32769,26.28341,0.4412343,0.3802882,0.12568504,1.8940696,27.70944,0.29054615,0.23962042,0.25622824,-0.016607821,dusuk,Tarim,low_severity,,0.0,DUSUK
MAR_2024_01,MAR_2024_01_000481,40.32771,26.28635,0.101010606,0.05763142,0.1389837,1.6960511,25.65021,0.17329754,0.28143483,0.18474291,0.09669192,dusuk,Tarim,low_severity,,0.0,DUSUK
MAR_2024_01,MAR_2024_01_000482,40.32773,26.28929,0.020937813,0.0,0.1090027,1.6245704,27.032244,0.31724912,0.22860765,0.14582056,0.0827871,dusuk,Tarim,low_severity,,0.0,DUSUK
MAR_2024_01,MAR_2024_01_000483,40.32774,26.29224,0.0,0.0,0.16623044,1.3962483,26.330109,0.48816788,0.2458835,0.12314674,0.12273675,dusuk,Tarim,low_severity,,0.0,DUSUK
MAR_2024_01,MAR_2024_01_000484,40.32776,26.29518,0.0,0.0,0.15195827,1.4951183,27.839682,0.45917326,0.24209686,0.16011548,0.081981376,dusuk,Tarim,low_severity,,0.0,DUSUK
MAR_2024_01,MAR_2024_01_000502,40.32807,26.34815,0.0,0.0,0.12004702,1.4744608,42.880108,0.042505518,0.22566402,0.15781933,0.06784469,dusuk,Yerlesim,low_severity,,0.0,DUSUK
MAR_2024_01,MAR_2024_01_000503,40.32809,26.35109,0.0,0.0,0.19729704,0.6155036,40.01141,0.29250354,0.28916055,0.14636292,0.14279763,dusuk,Tarim,low_severity,,0.0,DUSUK
MAR_2024_01,MAR_2024_01_000504,40.32811,26.35403,0.0,0.0,0.25896376,0.554583,38.8598,0.29972574,0.29212105,0.100141905,0.19197914,dusuk,Tarim,low_severity,,0.0,DUSUK
MAR_2024_01,MAR_2024_01_000505,40.32812,26.35697,0.0,0.0,0.216407,0.38904816,37.02841,0.36144826,0.2353485,0.15292004,0.082428455,dusuk,Tarim,low_severity,,0.0,DUSUK
MAR_2024_01,MAR_2024_01_000509,40.32819,26.36875,0.0,0.0,0.17887355,0.09588552,35.830025,0.8991346,0.2014854,0.0630825,0.1384029,dusuk,Tarim,low_severity,,0.0,DUSUK
MAR_2024_01,MAR_2024_01_000510,40.3282,26.37169,0.0,0.0,0.19815141,0.15778135,36.373093,1.0811087,0.21340132,0.07146853,0.14193279,dusuk,Tarim,low_severity,,0.0,DUSUK
MAR_2024_01,MAR_2024_01_000511,40.32822,26.37463,0.0,0.0,0.2261504,0.18054487,37.117825,1.2861372,0.24520159,0.06940439,0.1757972,dusuk,Tarim,low_severity,,0.0,DUSUK
MAR_2024_01,MAR_2024_01_000512,40.32824,26.37757,0.0,0.0,0.22844559,0.14250569,37.80757,1.5048262,0.21161959,0.08889754,0.122722045,dusuk,Tarim,low_severity,,0.0,DUSUK
MAR_2024_01,MAR_2024_01_000514,40.32827,26.38346,0.107796825,0.052499384,0.13826,3.058331,44.725834,1.3625188,0.23516446,0.21582472,0.01933974,dusuk,Tarim,low_severity,,0.0,DUSUK
MAR_2024_01,MAR_2024_01_000515,40.32828,26.3864,0.60408837,0.42918292,0.12619796,3.5374641,51.349503,1.1126975,0.29292324,0.27127928,0.021643966,dusuk,Tarim,low_severity,,0.0,DUSUK
MAR_2024_01,MAR_2024_01_000516,40.3283,26.38935,0.26798165,0.24409308,0.13327868,4.1084843,55.872684,0.8629797,0.27359498,0.2626448,0.010950178,dusuk,Tarim,low_severity,,0.0,DUSUK
MAR_2024_01,MAR_2024_01_000517,40.32831,26.39229,0.23137979,0.26801503,0.14969721,3.9289625,54.10283,0.6134919,0.25093755,0.24676865,0.004168898,dusuk,Tarim,low_severity,,0.0,DUSUK
MAR_2024_01,MAR_2024_01_000518,40.32833,26.39523,0.016827272,0.12926972,0.17229202,2.4461582,45.5534,0.3647062,0.21605666,0.20860496,0.007451698,dusuk,Tarim,low_severity,,0.0,DUSUK
MAR_2024_01,MAR_2024_01_000546,40.32544,26.28343,0.2223252,0.29776976,0.11223192,1.8258371,20.976501,0.21358182,0.2628386,0.22771314,0.035125464,dusuk,Tarim,low_severity,,0.0,DUSUK
MAR_2024_01,MAR_2024_01_000547,40.32546,26.28637,0.02505833,0.078005485,0.13762808,1.3509018,20.259481,0.11239612,0.2635131,0.18460205,0.078911036,dusuk,Tarim,low_severity,,0.0,DUSUK
MAR_2024_01,MAR_2024_01_000548,40.32547,26.28932,0.0,0.0,0.17282893,1.263321,20.656956,0.26719436,0.22165081,0.10543752,0.11621329,dusuk,Tarim,low_severity,,0.0,DUSUK
MAR_2024_01,MAR_2024_01_000549,40.32549,26.29226,0.0,0.0,0.22869618,0.9773608,21.580313,0.2718635,0.2846208,0.09936152,0.18525928,dusuk,Tarim,low_severity,,0.0,DUSUK
MAR_2024_01,MAR_2024_01_000550,40.32551,26.2952,0.11368672,0.0,0.17999868,1.520379,25.246014,0.21550393,0.26583436,0.12996516,0.1358692,dusuk,Tarim,low_severity,,0.0,DUSUK
MAR_2024_01,MAR_2024_01_000568,40.32582,26.34817,0.0,0.0,0.16896081,1.3200647,44.738995,0.2329555,0.26145217,0.13995647,0.121495694,dusuk,Yerlesim,low_severity,,0.0,DUSUK
MAR_2024_01,MAR_2024_01_000569,40.32584,26.35111,0.0,0.0,0.3038696,0.74894726,42.41325,0.10425942,0.3777107,0.10837737,0.26933333,orta-dusuk,Tarim,predicted,0.1708,0.2968,ORTA
MAR_2024_01,MAR_2024_01_000570,40.32585,26.35405,0.0,0.0,0.33189687,0.76917136,40.68534,0.16457315,0.39198798,0.09183931,0.30014867,orta-dusuk,Tarim,predicted,0.1936,0.3264,ORTA
MAR_2024_01,MAR_2024_01_000571,40.32587,26.357,0.0,0.0,0.27934214,0.64943576,38.350914,0.2781095,0.32654256,0.09200534,0.23453721,orta-dusuk,Tarim,predicted,0.1439,0.2302,DUSUK
MAR_2024_01,MAR_2024_01_000572,40.32589,26.35994,0.0,0.0,0.23013209,0.3325975,37.124256,0.3797401,0.2539327,0.10569794,0.14823478,dusuk,Tarim,low_severity,,0.0,DUSUK
MAR_2024_01,MAR_2024_01_000573,40.3259,26.36288,0.0,0.0,0.19361758,0.20967282,36.430286,0.57970697,0.21237132,0.09861271,0.11375861,dusuk,Tarim,low_severity,,0.0,DUSUK
MAR_2024_01,MAR_2024_01_000574,40.32592,26.36582,0.0,0.0,0.22376129,0.0951655,35.907646,0.8080333,0.2090493,0.1295316,0.07951769,dusuk,Tarim,low_severity,,0.0,DUSUK
MAR_2024_01,MAR_2024_01_000576,40.32595,26.37171,0.0,0.0,0.1874483,0.2832872,36.594566,1.2522128,0.21291764,0.07709278,0.13582486,dusuk,Tarim,low_severity,,0.0,DUSUK
MAR_2024_01,MAR_2024_01_000577,40.32597,26.37465,0.0,0.0,0.22033796,0.23742487,37.187138,1.4329654,0.24891508,0.06447615,0.18443893,dusuk,Tarim,low_severity,,0.0,DUSUK
MAR_2024_01,MAR_2024_01_000578,40.32598,26.37759,0.0,0.0,0.22658136,0.20508958,37.69818,1.6320976,0.23508422,0.07949963,0.15558459,dusuk,Tarim,low_severity,,0.0,DUSUK
MAR_2024_01,MAR_2024_01_000580,40.32601,26.38348,0.0,0.0,0.24812275,0.5218785,39.231087,1.3936398,0.23869513,0.11960457,0.11909056,dusuk,Tarim,low_severity,,0.0,DUSUK
MAR_2024_01,MAR_2024_01_000581,40.32603,26.38642,0.0071282596,0.0,0.2372643,1.0345831,40.53414,1.1505955,0.23792717,0.122150764,0.115776405,dusuk,Tarim,low_severity,,0.0,DUSUK
MAR_2024_01,MAR_2024_01_000583,40.32606,26.39231,0.0,0.0,0.23597583,0.73972136,42.62638,0.67981374,0.22898543,0.13359746,0.095387965,dusuk,Tarim,low_severity,,0.0,DUSUK
MAR_2024_01,MAR_2024_01_000584,40.32608,26.39525,0.0,0.0,0.2397498,0.5250012,43.891144,0.46774465,0.22512701,0.14850008,0.07662693,dusuk,Tarim,low_severity,,0.0,DUSUK
MAR_2024_01,MAR_2024_01_000585,40.32609,26.39819,0.0,0.0,0.17669475,0.71809614,46.708416,0.3168965,0.2433548,0.2083863,0.034968495,dusuk,Tarim,low_severity,,0.0,DUSUK
MAR_2024_01,MAR_2024_01_000608,40.32311,26.27169,0.56601876,0.41497344,0.10617612,2.7764938,24.07845,0.27647236,0.25986618,0.28307384,-0.023207664,dusuk,Agaclik,low_severity,,0.0,DUSUK
MAR_2024_01,MAR_2024_01_000610,40.32315,26.27757,0.0,0.0,0.1846885,1.5442245,14.821719,0.18512306,0.26852626,0.12510732,0.14341894,dusuk,Tarim,low_severity,,0.0,DUSUK
MAR_2024_01,MAR_2024_01_000611,40.32317,26.28051,0.0,0.0,0.17857936,1.201466,14.640354,0.25701326,0.2314668,0.093173504,0.1382933,dusuk,Tarim,low_severity,,0.0,DUSUK
MAR_2024_01,MAR_2024_01_000612,40.32319,26.28345,0.0,0.0,0.27255762,0.8997658,14.526042,0.24554862,0.3157991,0.10317963,0.21261945,orta-dusuk,Tarim,predicted,0.1251,0.2076,DUSUK
MAR_2024_01,MAR_2024_01_000613,40.3232,26.2864,0.0,0.0,0.29532933,0.85255116,15.487717,0.16525683,0.34689265,0.11051644,0.23637623,orta-dusuk,Tarim,predicted,0.1423,0.2447,DUSUK
MAR_2024_01,MAR_2024_01_000614,40.32322,26.28934,0.0,0.0,0.29586297,0.65546477,16.991636,0.05218598,0.33376288,0.114617035,0.21914585,orta-dusuk,Tarim,predicted,0.1265,0.2305,DUSUK
MAR_2024_01,MAR_2024_01_000615,40.32324,26.29228,0.0,0.0,0.23995072,0.8866867,19.213717,0.1812314,0.29874766,0.10502606,0.19372159,dusuk,Tarim,low_severity,,0.0,DUSUK
MAR_2024_01,MAR_2024_01_000616,40.32326,26.29522,0.12394147,0.0,0.15340596,1.3303335,23.962992,0.08392736,0.23065244,0.12521514,0.10543729,dusuk,Tarim,low_severity,,0.0,DUSUK
MAR_2024_01,MAR_2024_01_000634,40.32357,26.34819,0.0,0.0,0.1820305,2.8588288,50.16806,0.3977105,0.22453481,0.09796415,0.12657066,dusuk,Tarim,low_severity,,0.0,DUSUK
MAR_2024_01,MAR_2024_01_000635,40.32359,26.35113,0.0,0.0,0.28731358,0.8910994,45.605446,0.22223398,0.33009595,0.08961939,0.24047655,orta-dusuk,Tarim,predicted,0.1486,0.2483,DUSUK
MAR_2024_01,MAR_2024_01_000636,40.3236,26.35408,0.0,0.0,0.34646472,0.7236172,43.035305,0.2429008,0.4119704,0.105359025,0.3066114,orta-dusuk,Tarim,predicted,0.197,0.3214,ORTA
MAR_2024_01,MAR_2024_01_000637,40.32362,26.35702,0.0,0.0,0.31367666,0.70186,40.945152,0.02929914,0.38053033,0.11621471,0.2643156,orta-dusuk,Tarim,predicted,0.1646,0.2955,ORTA
MAR_2024_01,MAR_2024_01_000638,40.32363,26.35996,0.0,0.0,0.2934028,0.6941412,38.80978,0.26022312,0.33434755,0.07713191,0.25721562,orta-dusuk,Tarim,predicted,0.1617,0.2618,ORTA
MAR_2024_01,MAR_2024_01_000639,40.32365,26.3629,0.0,0.0,0.22791818,0.41369048,36.97041,0.50948375,0.2596444,0.07501434,0.18463005,dusuk,Tarim,low_severity,,0.0,DUSUK
MAR_2024_01,MAR_2024_01_000640,40.32367,26.36585,0.0,0.0,0.20471717,0.23814522,36.383232,0.7592308,0.21109948,0.07647361,0.13462587,dusuk,Tarim,low_severity,,0.0,DUSUK
MAR_2024_01,MAR_2024_01_000641,40.32368,26.36879,0.0,0.0,0.252221,0.5606568,36.86061,1.0091031,0.28386545,0.06990814,0.21395731,dusuk,Tarim,low_severity,,0.0,DUSUK
MAR_2024_01,MAR_2024_01_000642,40.3237,26.37173,0.0,0.0,0.24223363,1.1779449,39.47365,1.259026,0.2736039,0.07455986,0.19904402,dusuk,Tarim,low_severity,,0.0,DUSUK
MAR_2024_01,MAR_2024_01_000643,40.32371,26.37467,0.0,0.0,0.22726873,1.2505486,39.926178,1.5089746,0.2472826,0.068149485,0.17913312,dusuk,Tarim,low_severity,,0.0,DUSUK
MAR_2024_01,MAR_2024_01_000644,40.32373,26.37762,0.013615553,0.0,0.26900294,1.3942564,40.117477,1.5987878,0.28479272,0.074985355,0.20980737,dusuk,Tarim,low_severity,,0.0,DUSUK
MAR_2024_01,MAR_2024_01_000645,40.32375,26.38056,0.0,0.0,0.29116046,1.3186998,40.959938,1.6083652,0.32165128,0.07964757,0.24200371,orta-dusuk,Tarim,predicted,0.1515,0.086,DUSUK
MAR_2024_01,MAR_2024_01_000646,40.32376,26.3835,0.0,0.0,0.3236933,0.9723739,41.24191,1.4673126,0.359594,0.09498763,0.26460636,orta-dusuk,Tarim,predicted,0.1654,0.121,DUSUK
MAR_2024_01,MAR_2024_01_000647,40.32378,26.38644,0.0,0.0,0.31471577,0.76899755,41.23695,1.2388077,0.33657032,0.092853025,0.2437173,orta-dusuk,Tarim,predicted,0.1477,0.118,DUSUK
MAR_2024_01,MAR_2024_01_000649,40.32381,26.39233,0.0,0.0,0.24425566,0.50989425,43.3646,0.82031775,0.21503341,0.123143494,0.09188992,dusuk,Tarim,low_severity,,0.0,DUSUK
MAR_2024_01,MAR_2024_01_000650,40.32382,26.39527,0.0,0.0,0.21968806,1.2994536,45.328754,0.6554079,0.20257403,0.14826208,0.054311946,dusuk,Tarim,low_severity,,0.0,DUSUK
MAR_2024_01,MAR_2024_01_000651,40.32384,26.39821,0.0,0.0,0.23973367,1.5332745,47.90448,0.5578511,0.21642329,0.14505915,0.071364135,dusuk,Tarim,low_severity,,0.0,DUSUK
MAR_2024_01,MAR_2024_01_000652,40.32385,26.40116,0.0,0.0,0.1732254,0.78018,49.880547,0.56376964,0.22020498,0.18855317,0.03165181,dusuk,Tarim,low_severity,,0.0,DUSUK
MAR_2024_01,MAR_2024_01_000653,40.32387,26.4041,0.44741416,0.2395408,0.12373374,4.9532056,56.35976,0.57899135,0.2206336,0.21582471,0.004808888,dusuk,Tarim,low_severity,,0.0,DUSUK
MAR_2024_01,MAR_2024_01_000669,40.32077,26.257,0.4105088,0.5071414,0.113191694,2.4260201,25.799967,0.5627099,0.2609837,0.25949103,0.0014926791,dusuk,Agaclik,low_severity,,0.0,DUSUK
MAR_2024_01,MAR_2024_01_000676,40.3209,26.27759,0.0,0.0,0.19840871,0.75179225,10.500641,0.42905414,0.20794618,0.15099747,0.056948707,dusuk,Tarim,low_severity,,0.0,DUSUK
MAR_2024_01,MAR_2024_01_000677,40.32092,26.28054,0.0,0.0,0.33427238,0.6535257,11.153246,0.46462107,0.38382608,0.10794314,0.27588293,orta-dusuk,Tarim,predicted,0.1706,0.2501,ORTA
MAR_2024_01,MAR_2024_01_000678,40.32093,26.28348,0.0,0.0,0.414862,0.48302263,12.067057,0.44718122,0.451458,0.09884463,0.3526134,orta-dusuk,Tarim,predicted,0.225,0.3375,ORTA
MAR_2024_01,MAR_2024_01_000679,40.32095,26.28642,0.0,0.0,0.33795977,0.53094316,13.106077,0.3800835,0.4001637,0.1098271,0.2903366,orta-dusuk,Tarim,predicted,0.1825,0.278,ORTA
MAR_2024_01,MAR_2024_01_000680,40.32097,26.28936,0.0,0.0,0.3218446,0.6123187,15.167158,0.17892538,0.3959052,0.1330375,0.2628677,orta-dusuk,Tarim,predicted,0.1609,0.2695,ORTA
MAR_2024_01,MAR_2024_01_000681,40.32099,26.29231,0.0,0.0,0.23068814,0.92016065,17.925314,0.21110451,0.29310265,0.107277006,0.18582565,dusuk,Tarim,low_severity,,0.0,DUSUK
MAR_2024_01,MAR_2024_01_000682,40.32101,26.29525,0.0,0.0,0.16368815,1.3880446,23.054283,0.18319887,0.21836036,0.10329813,0.11506224,dusuk,Tarim,low_severity,,0.0,DUSUK
MAR_2024_01,MAR_2024_01_000683,40.32102,26.29819,0.32116804,0.17076218,0.10085998,2.358323,29.981867,0.17039494,0.22853276,0.19957784,0.028954923,dusuk,Tarim,low_severity,,0.0,DUSUK
MAR_2024_01,MAR_2024_01_000697,40.32127,26.33938,0.34893247,0.19861631,0.13418812,4.764741,96.37736,0.39503673,0.2467053,0.24239218,0.0043131113,dusuk,Tarim,low_severity,,0.0,DUSUK
MAR_2024_01,MAR_2024_01_000698,40.32128,26.34233,0.100155346,0.0,0.16341965,4.256555,75.64812,0.5556708,0.20265457,0.1860395,0.016615063,dusuk,Tarim,low_severity,,0.0,DUSUK
MAR_2024_01,MAR_2024_01_000699,40.3213,26.34527,0.03084417,0.0,0.1696616,3.018537,61.71269,0.656037,0.20421866,0.13694555,0.06727311,dusuk,Tarim,low_severity,,0.0,DUSUK
MAR_2024_01,MAR_2024_01_000700,40.32132,26.34821,0.0,0.0,0.20171736,1.7071173,51.84064,0.5671786,0.23609476,0.10342714,0.13266762,dusuk,Tarim,low_severity,,0.0,DUSUK
MAR_2024_01,MAR_2024_01_000701,40.32133,26.35115,0.0,0.0,0.207057,0.90659106,47.805183,0.46141723,0.24422233,0.11991176,0.12431057,dusuk,Tarim,low_severity,,0.0,DUSUK
MAR_2024_01,MAR_2024_01_000702,40.32135,26.3541,0.0,0.0,0.21777421,0.82315314,44.707424,0.3278938,0.30351868,0.16099845,0.14252023,dusuk,Tarim,low_severity,,0.0,DUSUK
MAR_2024_01,MAR_2024_01_000703,40.32137,26.35704,0.0,0.0,0.24497834,0.82245135,43.1926,0.22219808,0.2669152,0.10329805,0.16361715,dusuk,Tarim,low_severity,,0.0,DUSUK
MAR_2024_01,MAR_2024_01_000704,40.32138,26.35998,0.0,0.0,0.3503278,0.8587715,41.243107,0.34092465,0.3774402,0.08223951,0.2952007,orta-dusuk,Tarim,predicted,0.1866,0.2944,ORTA
MAR_2024_01,MAR_2024_01_000705,40.3214,26.36292,0.0,0.0,0.31172383,0.84565794,38.889996,0.5550561,0.3376573,0.077680826,0.25997648,orta-dusuk,Tarim,predicted,0.1619,0.2275,DUSUK
MAR_2024_01,MAR_2024_01_000706,40.32141,26.36587,0.0,0.0,0.24738717,1.1020855,38.58697,0.79053456,0.27660745,0.06225063,0.21435682,dusuk,Tarim,low_severity,,0.0,DUSUK
MAR_2024_01,MAR_2024_01_000707,40.32143,26.36881,0.01740972,0.0,0.2376824,2.3585458,41.217308,1.0328614,0.26816684,0.07906635,0.18910049,dusuk,Tarim,low_severity,,0.0,DUSUK
MAR_2024_01,MAR_2024_01_000711,40.32149,26.38058,0.5671446,0.44857624,0.12060502,3.911319,50.925762,1.3585758,0.294254,0.2109771,0.0832769,dusuk,Tarim,low_severity,,0.0,DUSUK
MAR_2024_01,MAR_2024_01_000712,40.32151,26.38352,0.2429351,0.24308176,0.17690417,3.3038428,48.851826,1.3923231,0.24523629,0.11528982,0.12994647,dusuk,Tarim,low_severity,,0.0,DUSUK
MAR_2024_01,MAR_2024_01_000713,40.32153,26.38646,0.5189278,0.3546222,0.15074849,4.7263627,49.424503,1.3676326,0.26681575,0.16416205,0.1026537,dusuk,Tarim,low_severity,,0.0,DUSUK
MAR_2024_01,MAR_2024_01_000714,40.32154,26.38941,0.51126385,0.3546222,0.16101998,5.2306824,48.534492,1.1734809,0.22804192,0.17208844,0.055953473,dusuk,Tarim,low_severity,,0.0,DUSUK
MAR_2024_01,MAR_2024_01_000715,40.32156,26.39235,0.51344,0.3546222,0.11946662,7.7028027,53.177277,1.00089,0.23554888,0.22914842,0.006400466,dusuk,Tarim,low_severity,,0.0,DUSUK
MAR_2024_01,MAR_2024_01_000716,40.32157,26.39529,0.7423051,0.55528975,0.11082083,8.542219,66.35212,0.8142425,0.32397902,0.27592313,0.048055887,dusuk,Agaclik,low_severity,,0.0,DUSUK
MAR_2024_01,MAR_2024_01_000719,40.32162,26.40412,0.15078682,0.23230667,0.14122635,3.3543508,56.32574,0.48270404,0.21582758,0.2079307,0.007896885,dusuk,Tarim,low_severity,,0.0,DUSUK
MAR_2024_01,MAR_2024_01_000731,40.31844,26.24525,0.30837458,0.29762354,0.10682938,2.5528657,17.706148,0.43293178,0.21333176,0.2327277,-0.019395947,dusuk,Otlak/calilik,low_severity,,0.0,DUSUK
MAR_2024_01,MAR_2024_01_000742,40.31864,26.27762,0.0,0.0,0.25169757,0.3686713,8.389603,0.54157764,0.23688316,0.12582588,0.11105728,dusuk,Tarim,low_severity,,0.0,DUSUK
MAR_2024_01,MAR_2024_01_000743,40.31866,26.28056,0.0,0.0,0.41149187,0.31575897,9.411429,0.60420126,0.4752679,0.110970445,0.36429745,orta-dusuk,Tarim,predicted,0.2356,0.3325,ORTA
MAR_2024_01,MAR_2024_01_000744,40.31868,26.2835,0.0,0.0,0.41178057,0.3781084,10.676028,0.43103385,0.47392613,0.11007388,0.36385226,orta-dusuk,Tarim,predicted,0.2351,0.3543,ORTA
MAR_2024_01,MAR_2024_01_000745,40.3187,26.28644,0.0,0.0,0.37344378,0.42883867,12.039679,0.3626585,0.4047593,0.09726283,0.30749646,orta-dusuk,Tarim,predicted,0.1917,0.2936,ORTA
MAR_2024_01,MAR_2024_01_000746,40.31872,26.28939,0.0063070557,0.0,0.32553864,0.71895325,14.561122,0.41077316,0.4094502,0.123644665,0.28580552,orta-dusuk,Tarim,predicted,0.1813,0.275,ORTA
MAR_2024_01,MAR_2024_01_000747,40.31874,26.29233,0.055550095,0.0,0.18715163,1.0070791,18.006596,0.26170975,0.26493126,0.111798756,0.1531325,dusuk,Tarim,low_severity,,0.0,DUSUK
MAR_2024_01,MAR_2024_01_000748,40.31875,26.29527,0.0,0.0,0.15144715,1.3264467,23.178118,0.011734544,0.20773557,0.09869299,0.10904258,dusuk,Tarim,low_severity,,0.0,DUSUK
MAR_2024_01,MAR_2024_01_000766,40.31906,26.34823,0.0,0.0,0.23596853,1.6775659,54.728374,0.78115904,0.20723979,0.107220255,0.10001954,dusuk,Tarim,low_severity,,0.0,DUSUK
MAR_2024_01,MAR_2024_01_000770,40.31913,26.36,0.0,0.0,0.25078773,2.294822,46.16086,0.538278,0.25156024,0.07340945,0.17815079,dusuk,Tarim,low_severity,,0.0,DUSUK
MAR_2024_01,MAR_2024_01_000771,40.31915,26.36295,0.086578056,0.02117518,0.22716312,3.6143568,46.194447,0.6939747,0.24832135,0.06865969,0.17966166,dusuk,Tarim,low_severity,,0.0,DUSUK
MAR_2024_01,MAR_2024_01_000772,40.31916,26.36589,0.44725856,0.39650908,0.15004899,6.79131,51.61979,0.893565,0.25089088,0.14433312,0.10655776,dusuk,Tarim,low_severity,,0.0,DUSUK
MAR_2024_01,MAR_2024_01_000782,40.31932,26.39531,0.6152182,0.60346836,0.1060324,8.089425,66.173004,0.6530492,0.34096467,0.30833948,0.0326252,dusuk,Agaclik,low_severity,,0.0,DUSUK
MAR_2024_01,MAR_2024_01_000783,40.31934,26.39825,0.0,0.02401431,0.24105516,1.5567683,53.149925,0.46117592,0.2894052,0.1540159,0.1353893,dusuk,Tarim,low_severity,,0.0,DUSUK
MAR_2024_01,MAR_2024_01_000785,40.31937,26.40414,0.09956727,0.027937109,0.12538338,2.4212496,58.3001,0.23605251,0.20828335,0.18521932,0.023064032,dusuk,Tarim,low_severity,,0.0,DUSUK
MAR_2024_01,MAR_2024_01_000807,40.31637,26.2747,0.0,0.0,0.23102075,0.26029778,6.82195,0.53242975,0.24042878,0.13996506,0.10046372,dusuk,Tarim,low_severity,,0.0,DUSUK
MAR_2024_01,MAR_2024_01_000808,40.31639,26.27764,0.0,0.0,0.2728935,0.23422082,7.7895827,0.6838211,0.24709788,0.11726399,0.12983389,orta-dusuk,Tarim,low_severity,,0.0,DUSUK
MAR_2024_01,MAR_2024_01_000809,40.31641,26.28058,0.0,0.0,0.29130653,0.34656852,9.07372,0.49640387,0.29007822,0.11881401,0.17126422,orta-dusuk,Tarim,low_severity,,0.0,DUSUK
MAR_2024_01,MAR_2024_01_000810,40.31643,26.28353,0.0,0.0,0.3103953,0.28525978,10.279131,0.259129,0.3347271,0.11002823,0.22469887,orta-dusuk,Tarim,predicted,0.1282,0.2019,DUSUK
MAR_2024_01,MAR_2024_01_000811,40.31645,26.28647,0.0,0.0,0.31934798,0.45721203,11.760621,0.11348502,0.36276224,0.09152755,0.2712347,orta-dusuk,Tarim,predicted,0.1681,0.287,ORTA
MAR_2024_01,MAR_2024_01_000812,40.31647,26.28941,0.0,0.0,0.22191525,0.81851137,14.448267,0.2891537,0.28898475,0.10132399,0.18766075,dusuk,Tarim,low_severity,,0.0,DUSUK
MAR_2024_01,MAR_2024_01_000813,40.31648,26.29235,0.0,0.0,0.12988794,1.1487025,18.784237,0.36138904,0.22155021,0.11701111,0.104539104,dusuk,Tarim,low_severity,,0.0,DUSUK
MAR_2024_01,MAR_2024_01_000814,40.3165,26.2953,0.0,0.0,0.1330215,1.3455346,24.22753,0.24949498,0.22699274,0.11975539,0.107237354,dusuk,Tarim,low_severity,,0.0,DUSUK
MAR_2024_01,MAR_2024_01_000831,40.3168,26.34531,0.42100915,0.32059306,0.10415569,3.8738933,69.1222,0.59224814,0.23036046,0.20972237,0.020638093,dusuk,Tarim,low_severity,,0.0,DUSUK
MAR_2024_01,MAR_2024_01_000832,40.31681,26.34825,0.47324464,0.29390594,0.14480357,3.9631267,64.1366,0.71473014,0.21970749,0.19634648,0.023361012,dusuk,Tarim,low_severity,,0.0,DUSUK
MAR_2024_01,MAR_2024_01_000835,40.31686,26.35708,0.51994956,0.38143805,0.10652439,4.524953,59.067596,0.7220797,0.24098086,0.21412763,0.026853234,dusuk,Tarim,low_severity,,0.0,DUSUK
MAR_2024_01,MAR_2024_01_000847,40.31705,26.39239,0.4580166,0.3338568,0.1329649,5.919128,58.669132,0.8085453,0.34079212,0.24753177,0.09326035,dusuk,Tarim,low_severity,,0.0,DUSUK
MAR_2024_01,MAR_2024_01_000848,40.31707,26.39533,0.09079631,0.023352254,0.31263915,1.2664938,52.14575,0.56120896,0.40438518,0.15889551,0.24548967,orta-dusuk,Tarim,predicted,0.1561,0.2236,DUSUK
MAR_2024_01,MAR_2024_01_000849,40.31708,26.39827,0.0,0.0,0.17351232,0.7744583,54.519077,0.31806532,0.3087073,0.200565,0.1081423,dusuk,Tarim,low_severity,,0.0,DUSUK
MAR_2024_01,MAR_2024_01_000850,40.3171,26.40122,0.08527589,0.0,0.11000491,1.6228735,59.30071,0.11124557,0.22733635,0.20906076,0.018275589,dusuk,Tarim,low_severity,,0.0,DUSUK
MAR_2024_01,MAR_2024_01_000853,40.31714,26.41004,0.49605533,0.452338,0.13153464,4.463345,77.95984,0.41252458,0.2595085,0.2489778,0.010530695,dusuk,Tarim,low_severity,,0.0,DUSUK
MAR_2024_01,MAR_2024_01_000856,40.31719,26.41887,0.3503717,0.4691612,0.1345877,5.9366665,85.83282,1.1584104,0.2342959,0.23806319,-0.0037672818,dusuk,Tarim,low_severity,,0.0,DUSUK
MAR_2024_01,MAR_2024_01_000875,40.31416,26.28061,0.0,0.0,0.27069408,0.3085162,8.658464,0.50276685,0.30033064,0.10652312,0.19380751,orta-dusuk,Tarim,low_severity,,0.0,DUSUK
MAR_2024_01,MAR_2024_01_000876,40.31418,26.28355,0.0,0.0,0.33350277,0.3477322,9.944501,0.27111897,0.3350144,0.0854346,0.2495798,orta-dusuk,Tarim,predicted,0.1466,0.231,DUSUK
MAR_2024_01,MAR_2024_01_000877,40.3142,26.28649,0.0,0.0,0.30121836,0.5181649,11.614457,0.13869573,0.32601157,0.08302173,0.24298984,orta-dusuk,Tarim,predicted,0.1463,0.2496,DUSUK
MAR_2024_01,MAR_2024_01_000879,40.31423,26.29238,0.0,0.0,0.14856775,1.166769,18.306293,0.53450775,0.20682839,0.09961386,0.107214525,dusuk,Tarim,low_severity,,0.0,DUSUK
MAR_2024_01,MAR_2024_01_000880,40.31425,26.29532,0.0,0.0,0.1352403,1.6836168,24.914892,0.49935737,0.214512,0.113225915,0.10128609,dusuk,Tarim,low_severity,,0.0,DUSUK
MAR_2024_01,MAR_2024_01_000912,40.31478,26.38947,0.47867316,0.40376842,0.10775444,6.326985,56.249557,1.012869,0.33711594,0.2870067,0.050109237,dusuk,Tarim,low_severity,,0.0,DUSUK
MAR_2024_01,MAR_2024_01_000913,40.3148,26.39241,0.0,0.0,0.19896166,1.1565591,48.687794,0.8168401,0.26730853,0.20196918,0.06533936,dusuk,Tarim,low_severity,,0.0,DUSUK
MAR_2024_01,MAR_2024_01_000914,40.31482,26.39535,0.0,0.0,0.2525117,0.6781392,51.09938,0.57309496,0.34289533,0.15316755,0.18972778,dusuk,Tarim,low_severity,,0.0,DUSUK
MAR_2024_01,MAR_2024_01_000915,40.31483,26.39829,0.0,0.0,0.2537943,0.7959132,53.678303,0.3385969,0.32846665,0.17102695,0.15743971,dusuk,Tarim,low_severity,,0.0,DUSUK
MAR_2024_01,MAR_2024_01_000917,40.31486,26.40418,0.1061391,0.0,0.11135219,1.2092137,60.840805,0.13496281,0.22419137,0.2212181,0.0029732734,dusuk,Yerlesim,low_severity,,0.0,DUSUK
MAR_2024_01,MAR_2024_01_000921,40.31492,26.41595,0.49464253,0.23617102,0.160741,4.1762166,81.38541,0.92343915,0.2396234,0.20529564,0.03432776,dusuk,Tarim,low_severity,,0.0,DUSUK
MAR_2024_01,MAR_2024_01_000922,40.31494,26.41889,0.6764638,0.5608138,0.121446654,6.1479607,91.98046,1.1697518,0.24000639,0.24882929,-0.008822903,dusuk,Agaclik,low_severity,,0.0,DUSUK
MAR_2024_01,MAR_2024_01_000923,40.31495,26.42183,0.6773597,0.641494,0.13364907,13.900747,97.590996,1.4173563,0.24200395,0.2320489,0.009955049,dusuk,Agaclik,low_severity,,0.0,DUSUK
MAR_2024_01,MAR_2024_01_000932,40.31174,26.25415,0.35444185,0.2636969,0.12107167,1.3501778,6.2161837,0.3005256,0.22566316,0.22317986,0.0024832934,dusuk,Tarim,low_severity,,0.0,DUSUK
MAR_2024_01,MAR_2024_01_000941,40.31191,26.28063,0.0,0.0,0.25868085,0.51612544,8.312518,0.61978394,0.22571465,0.10716891,0.11854574,dusuk,Tarim,low_severity,,0.0,DUSUK
MAR_2024_01,MAR_2024_01_000945,40.31198,26.2924,0.0,0.0,0.15228742,1.0532202,18.337246,0.46110937,0.20211837,0.086227335,0.11589103,dusuk,Tarim,low_severity,,0.0,DUSUK
MAR_2024_01,MAR_2024_01_000946,40.312,26.29534,0.0,0.0,0.17329648,1.7088395,24.516476,0.38395867,0.23911725,0.084668934,0.15444832,dusuk,Tarim,low_severity,,0.0,DUSUK
MAR_2024_01,MAR_2024_01_000970,40.31241,26.36595,0.6344463,0.50275314,0.11570606,3.5217276,131.78372,0.7535862,0.21273135,0.22210495,-0.009373605,dusuk,Agaclik,low_severity,,0.0,DUSUK
MAR_2024_01,MAR_2024_01_000977,40.31252,26.38654,0.2213976,0.30375242,0.16176471,3.904473,53.89169,0.6647993,0.22001305,0.20669422,0.013318837,dusuk,Tarim,low_severity,,0.0,DUSUK
MAR_2024_01,MAR_2024_01_000979,40.31255,26.39243,0.0,0.0,0.1646794,0.4438392,47.657513,0.8976136,0.29782358,0.2428388,0.05498478,dusuk,Tarim,low_severity,,0.0,DUSUK
MAR_2024_01,MAR_2024_01_000980,40.31256,26.39537,0.0,0.0,0.26930392,1.250801,50.77378,0.6833156,0.34811205,0.16698772,0.18112433,dusuk,Tarim,low_severity,,0.0,DUSUK
MAR_2024_01,MAR_2024_01_000981,40.31258,26.39831,0.22041431,0.0,0.22397487,3.1140656,56.472694,0.5031205,0.31378525,0.20360793,0.11017732,dusuk,Tarim,low_severity,,0.0,DUSUK
MAR_2024_01,MAR_2024_01_000982,40.31259,26.40126,0.47246382,0.0,0.13931325,3.3335893,64.46229,0.40172544,0.26944488,0.26308095,0.0063639283,dusuk,Tarim,low_severity,,0.0,DUSUK
MAR_2024_01,MAR_2024_01_000985,40.31264,26.41008,0.07143213,0.0,0.19931015,2.1485555,70.90681,0.58990294,0.2043753,0.16033462,0.04404068,dusuk,Tarim,low_severity,,0.0,DUSUK
MAR_2024_01,MAR_2024_01_000986,40.31265,26.41302,0.39616415,0.46106547,0.12963858,5.2710376,86.22535,0.78330386,0.24436176,0.22529358,0.019068182,dusuk,Tarim,low_severity,,0.0,DUSUK
MAR_2024_01,MAR_2024_01_001007,40.30965,26.28066,0.0,0.0,0.3008415,0.58963203,8.329267,0.8003061,0.31681222,0.09501161,0.22180061,orta-dusuk,Tarim,predicted,0.1284,0.139,DUSUK
MAR_2024_01,MAR_2024_01_001008,40.30967,26.2836,0.0,0.0,0.22151785,0.6203087,10.995886,0.6791324,0.22981197,0.101733565,0.1280784,dusuk,Tarim,low_severity,,0.0,DUSUK
MAR_2024_01,MAR_2024_01_001045,40.3103,26.39245,0.0,0.0,0.16579963,0.30955774,47.200344,1.0340177,0.31273735,0.22397876,0.08875859,dusuk,Tarim,low_severity,,0.0,DUSUK
MAR_2024_01,MAR_2024_01_001046,40.31031,26.39539,0.09350448,0.0,0.20471609,3.1846187,54.20097,0.8546359,0.29107398,0.176115,0.11495897,dusuk,Tarim,low_severity,,0.0,DUSUK
MAR_2024_01,MAR_2024_01_001047,40.31033,26.39833,0.6395964,0.0645745,0.10496728,3.7755756,68.89508,0.7187576,0.30090368,0.29919443,0.0017092526,dusuk,Tarim,low_severity,,0.0,DUSUK
MAR_2024_01,MAR_2024_01_001048,40.31034,26.40128,0.4662539,0.100289136,0.14789954,3.4601276,76.60142,0.64395577,0.23981287,0.24113846,-0.0013255924,dusuk,Tarim,low_severity,,0.0,DUSUK
MAR_2024_01,MAR_2024_01_001050,40.31037,26.40716,0.16445573,0.0,0.1497037,3.6740854,83.073,0.6617554,0.2129426,0.19216728,0.020775318,dusuk,Tarim,low_severity,,0.0,DUSUK
MAR_2024_01,MAR_2024_01_001051,40.31039,26.4101,0.26596448,0.11080868,0.17615122,3.3439867,78.4437,0.7774229,0.23153189,0.20082818,0.030703709,dusuk,Tarim,low_severity,,0.0,DUSUK
MAR_2024_01,MAR_2024_01_001072,40.30738,26.27774,0.0,0.0,0.22554003,0.58705235,5.76111,0.70503056,0.2179788,0.10766752,0.110311285,dusuk,Tarim,low_severity,,0.0,DUSUK
MAR_2024_01,MAR_2024_01_001073,40.3074,26.28068,0.0,0.0,0.235549,0.5713596,7.8661017,0.915309,0.23601392,0.11550385,0.12051007,dusuk,Tarim,low_severity,,0.0,DUSUK
MAR_2024_01,MAR_2024_01_001106,40.30797,26.37776,0.119262815,0.18122557,0.14390811,3.7284737,61.232727,0.115428016,0.36273646,0.27801973,0.08471674,dusuk,Tarim,low_severity,,0.0,DUSUK
MAR_2024_01,MAR_2024_01_001107,40.30798,26.3807,0.5611719,0.45415846,0.11503371,6.216625,66.82182,0.15513515,0.2479273,0.24930564,-0.0013783425,dusuk,Tarim,low_severity,,0.0,DUSUK
MAR_2024_01,MAR_2024_01_001112,40.30806,26.39541,0.1551439,0.050117347,0.15354581,3.378454,56.668755,1.0577735,0.24519697,0.19706528,0.04813169,dusuk,Tarim,low_severity,,0.0,DUSUK
MAR_2024_01,MAR_2024_01_001114,40.30809,26.4013,0.31838262,0.28422922,0.117752776,4.813836,89.872215,0.89049125,0.28994775,0.27432796,0.015619785,dusuk,Tarim,low_severity,,0.0,DUSUK
MAR_2024_01,MAR_2024_01_001139,40.30515,26.2807,0.0,0.0,0.21951443,0.8377455,6.8656683,0.8269345,0.27169743,0.121475555,0.15022188,dusuk,Tarim,low_severity,,0.0,DUSUK
MAR_2024_01,MAR_2024_01_001140,40.30517,26.28365,0.007602425,0.0,0.12638949,2.0264256,13.08945,1.0699689,0.20045078,0.14781058,0.0526402,dusuk,Tarim,low_severity,,0.0,DUSUK
MAR_2024_01,MAR_2024_01_001203,40.30286,26.27484,0.053810228,0.0,0.17526405,0.4498764,2.1890786,0.3136967,0.20949242,0.17206511,0.037427306,dusuk,Tarim,low_severity,,0.0,DUSUK
MAR_2024_01,MAR_2024_01_001204,40.30288,26.27779,0.008099902,0.0,0.19958863,0.78260773,4.0683565,0.56047136,0.23337582,0.16591403,0.06746179,dusuk,Tarim,low_severity,,0.0,DUSUK
MAR_2024_01,MAR_2024_01_001205,40.3029,26.28073,0.0,0.0,0.14902532,1.1462916,8.213703,0.8092284,0.20883688,0.12192288,0.086914,dusuk,Tarim,low_severity,,0.0,DUSUK
MAR_2024_01,MAR_2024_01_001206,40.30292,26.28367,0.11151174,0.0,0.16183223,1.7213502,13.9276,1.0585713,0.2652989,0.13905814,0.12624076,dusuk,Tarim,low_severity,,0.0,DUSUK
MAR_2024_01,MAR_2024_01_001207,40.30293,26.28661,0.0,0.0,0.12047881,2.4125113,21.556654,0.9431023,0.2181837,0.14201692,0.07616678,dusuk,Tarim,low_severity,,0.0,DUSUK
MAR_2024_01,MAR_2024_01_001215,40.30308,26.31014,0.5589876,0.4618856,0.106655836,3.8897214,84.21251,0.31690308,0.27710938,0.26460057,0.01250881,dusuk,Tarim,low_severity,,0.0,DUSUK
MAR_2024_01,MAR_2024_01_001237,40.30345,26.37486,0.24302585,0.2551411,0.14747575,3.7163477,59.712193,0.32973456,0.2040082,0.20942089,-0.005412683,dusuk,Tarim,low_severity,,0.0,DUSUK
MAR_2024_01,MAR_2024_01_001238,40.30346,26.3778,0.24522692,0.23536587,0.14686628,3.1814957,55.48692,0.4780766,0.24187174,0.23099907,0.010872677,dusuk,Tarim,low_severity,,0.0,DUSUK
MAR_2024_01,MAR_2024_01_001239,40.30348,26.38074,0.0009988305,0.0017445472,0.17475657,1.0881717,49.453346,0.64563644,0.25731874,0.19295244,0.064366296,dusuk,Tarim,low_severity,,0.0,DUSUK
MAR_2024_01,MAR_2024_01_001243,40.30354,26.39251,0.10271415,0.0,0.10989943,2.5665925,52.316914,0.6964001,0.28158447,0.22407296,0.05751151,dusuk,Tarim,low_severity,,0.0,DUSUK
MAR_2024_01,MAR_2024_01_001269,40.30061,26.27487,0.0,0.0,0.13252747,0.29993242,0.6401916,0.44094858,0.20093608,0.16829939,0.032636687,dusuk,Tarim,low_severity,,0.0,DUSUK
MAR_2024_01,MAR_2024_01_001270,40.30063,26.27781,0.0,0.0,0.26910496,1.03025,2.6589048,0.64043593,0.4330424,0.21540132,0.21764109,dusuk,Tarim,low_severity,,0.0,DUSUK
MAR_2024_01,MAR_2024_01_001271,40.30065,26.28075,0.11839973,0.0,0.11946834,2.1194391,9.678578,0.7765402,0.21830511,0.14073555,0.07756956,dusuk,Tarim,low_severity,,0.0,DUSUK
MAR_2024_01,MAR_2024_01_001272,40.30066,26.28369,0.18608034,0.0,0.11888133,2.2569225,18.722355,0.84230393,0.2724717,0.17263892,0.09983277,dusuk,Tarim,low_severity,,0.0,DUSUK
MAR_2024_01,MAR_2024_01_001273,40.30068,26.28663,0.08688055,0.0,0.101185076,2.608564,26.9227,0.9700191,0.25288796,0.17516357,0.0777244,dusuk,Tarim,low_severity,,0.0,DUSUK
MAR_2024_01,MAR_2024_01_001304,40.30121,26.37782,0.0,0.0,0.18303458,0.84812504,52.77871,0.36943156,0.2808659,0.20290855,0.07795736,dusuk,Tarim,low_severity,,0.0,DUSUK
MAR_2024_01,MAR_2024_01_001305,40.30122,26.38076,0.0,0.0,0.19736741,0.91089,50.1236,0.61750466,0.31135684,0.18117398,0.13018286,dusuk,Tarim,low_severity,,0.0,DUSUK
MAR_2024_01,MAR_2024_01_001310,40.3013,26.39547,0.112400904,0.10584451,0.11336059,2.6101818,57.754482,0.48312435,0.22886828,0.19910417,0.0297641,dusuk,Tarim,low_severity,,0.0,DUSUK
MAR_2024_01,MAR_2024_01_001311,40.30132,26.39841,0.36597082,0.445859,0.12323903,3.6324735,67.301926,0.62552583,0.26872694,0.23898478,0.029742166,dusuk,Agaclik,low_severity,,0.0,DUSUK
MAR_2024_01,MAR_2024_01_001335,40.29836,26.27489,0.0,0.0,0.16432421,0.12749639,0.33301753,0.64456624,0.20358002,0.15187538,0.051704645,dusuk,Otlak/calilik,low_severity,,0.0,DUSUK
MAR_2024_01,MAR_2024_01_001336,40.29838,26.27783,0.0,0.0,0.20523024,1.2020493,2.309864,0.5460671,0.31131756,0.19263256,0.11868501,dusuk,Tarim,low_severity,,0.0,DUSUK
MAR_2024_01,MAR_2024_01_001337,40.29839,26.28078,0.46335804,0.0,0.103194445,2.683426,11.047784,0.5289058,0.24041285,0.18873908,0.05167377,dusuk,Tarim,low_severity,,0.0,DUSUK
MAR_2024_01,MAR_2024_01_001366,40.29889,26.36608,0.13140716,0.21835448,0.11618734,6.5511107,72.37609,0.6458668,0.21470931,0.2283667,-0.013657391,dusuk,Tarim,low_severity,,0.0,DUSUK
MAR_2024_01,MAR_2024_01_001368,40.29892,26.37196,0.3642487,0.23098281,0.13258669,3.413426,62.820923,0.23396027,0.20561081,0.18897213,0.016638681,dusuk,Tarim,low_severity,,0.0,DUSUK
MAR_2024_01,MAR_2024_01_001369,40.29894,26.3749,0.3276815,0.18926482,0.16492453,2.0619984,59.964188,0.22264266,0.25654703,0.18847795,0.068069085,dusuk,Tarim,low_severity,,0.0,DUSUK
MAR_2024_01,MAR_2024_01_001370,40.29896,26.37784,0.0045080623,0.05826275,0.1632004,2.1548355,57.31124,0.41158485,0.2506474,0.18177278,0.06887461,dusuk,Tarim,low_severity,,0.0,DUSUK
MAR_2024_01,MAR_2024_01_001372,40.29899,26.38373,0.0,0.0,0.10203402,1.2187939,48.592045,0.45124835,0.20630404,0.15917884,0.047125205,dusuk,Tarim,low_severity,,0.0,DUSUK
MAR_2024_01,MAR_2024_01_001373,40.299,26.38667,0.0,0.0,0.27907822,0.83871204,45.10142,0.41416472,0.35680544,0.11550555,0.2412999,orta-dusuk,Tarim,predicted,0.1507,0.227,DUSUK
MAR_2024_01,MAR_2024_01_001374,40.29902,26.38961,0.0,0.0,0.27285954,0.7248376,44.06191,0.3250406,0.3397653,0.14746442,0.19230089,orta-dusuk,Tarim,low_severity,,0.0,DUSUK
MAR_2024_01,MAR_2024_01_001401,40.2961,26.27492,0.0,0.0,0.13849252,2.2899928,3.2467647,0.47358486,0.21768957,0.14872807,0.0689615,dusuk,Tarim,low_severity,,0.0,DUSUK
MAR_2024_01,MAR_2024_01_001405,40.29618,26.28668,0.0,0.0,0.1121641,2.9914389,37.39985,0.6476035,0.21603331,0.13499096,0.08104235,dusuk,Tarim,low_severity,,0.0,DUSUK
MAR_2024_01,MAR_2024_01_001439,40.29675,26.38669,0.0,0.0,0.20920652,0.717637,43.732456,0.17086454,0.20406401,0.13997176,0.06409225,dusuk,Tarim,low_severity,,0.0,DUSUK
MAR_2024_01,MAR_2024_01_001440,40.29677,26.38963,0.0,0.0,0.29794702,0.48470867,42.781746,0.096157774,0.34099966,0.117899045,0.22310062,orta-dusuk,Tarim,predicted,0.1304,0.2288,DUSUK
MAR_2024_01,MAR_2024_01_001441,40.29678,26.39257,0.0,0.0,0.12110129,1.2087541,44.300457,0.08090022,0.21312934,0.17144659,0.04168275,dusuk,Tarim,low_severity,,0.0,DUSUK
MAR_2024_01,MAR_2024_01_001442,40.2968,26.39551,0.16035789,0.036265284,0.13733494,3.6175783,49.107426,0.19883256,0.21669072,0.18368909,0.03300163,dusuk,Tarim,low_severity,,0.0,DUSUK
MAR_2024_01,MAR_2024_01_001465,40.29382,26.26906,0.06951981,0.06555476,0.12851259,0.6170116,1.7332101,0.882553,0.23905692,0.16714743,0.07190949,dusuk,Otlak/calilik,low_severity,,0.0,DUSUK
MAR_2024_01,MAR_2024_01_001466,40.29383,26.272,0.16556834,0.14110538,0.24140373,2.057488,5.2373767,0.63275266,0.35053986,0.1351076,0.21543226,dusuk,Tarim,low_severity,,0.0,DUSUK
MAR_2024_01,MAR_2024_01_001479,40.29407,26.31024,0.48700082,0.23400334,0.13750759,4.2957873,84.5961,0.83234304,0.20763865,0.19782773,0.0098109245,dusuk,Tarim,low_severity,,0.0,DUSUK
MAR_2024_01,MAR_2024_01_001483,40.29414,26.322,0.4520101,0.12419974,0.11426824,3.1336343,57.932564,0.28730932,0.28288823,0.24175037,0.04113786,dusuk,Tarim,low_severity,,0.0,DUSUK
MAR_2024_01,MAR_2024_01_001504,40.29448,26.38377,0.0792335,0.011419289,0.14511457,3.0557916,45.95513,0.20964156,0.28050554,0.21049282,0.07001272,dusuk,Tarim,low_severity,,0.0,DUSUK
MAR_2024_01,MAR_2024_01_001505,40.2945,26.38671,0.018794438,0.015989251,0.24741486,2.1714897,42.505608,0.10888963,0.29246312,0.1517185,0.14074463,dusuk,Tarim,low_severity,,0.0,DUSUK
MAR_2024_01,MAR_2024_01_001506,40.29451,26.38965,0.0,0.0,0.29182124,0.5695264,40.544315,0.15577665,0.3873705,0.17648149,0.21088901,orta-dusuk,Tarim,predicted,0.1208,0.2071,DUSUK
MAR_2024_01,MAR_2024_01_001507,40.29453,26.39259,0.0,0.0,0.18134227,0.53775537,40.879883,0.06493931,0.29928124,0.22769618,0.07158506,dusuk,Tarim,low_severity,,0.0,DUSUK
MAR_2024_01,MAR_2024_01_001514,40.29464,26.41318,0.2900344,0.0,0.10229647,7.2224903,96.21482,1.4139601,0.2920547,0.27325565,0.018799067,dusuk,Otlak/calilik,low_severity,,0.0,DUSUK
MAR_2024_01,MAR_2024_01_001515,40.29465,26.41612,0.096068725,0.0,0.15014507,6.6481485,84.49533,1.6503763,0.22904676,0.21651,0.012536764,dusuk,Otlak/calilik,low_severity,,0.0,DUSUK
MAR_2024_01,MAR_2024_01_001517,40.29468,26.422,0.32855034,0.0,0.13042377,7.1062016,77.6984,2.1325243,0.20162243,0.18377116,0.017851263,dusuk,Otlak/calilik,low_severity,,0.0,DUSUK
MAR_2024_01,MAR_2024_01_001523,40.29141,26.24555,0.0,0.0,0.25859913,2.9896953,5.513889,0.06963832,0.35377353,0.15501525,0.19875829,dusuk,Tarim,low_severity,,0.0,DUSUK
MAR_2024_01,MAR_2024_01_001532,40.29158,26.27202,0.46786556,0.47785684,0.10619035,1.0515085,6.408089,0.66928726,0.3934622,0.29994804,0.093514174,dusuk,Tarim,low_severity,,0.0,DUSUK
MAR_2024_01,MAR_2024_01_001537,40.29167,26.28673,0.0,0.0,0.107420854,2.662779,27.161919,0.6267385,0.2141814,0.13708903,0.077092364,dusuk,Tarim,low_severity,,0.0,DUSUK
MAR_2024_01,MAR_2024_01_001538,40.29169,26.28967,0.14968058,0.0,0.119510904,2.949639,31.284767,0.86530274,0.23397475,0.15240735,0.08156741,dusuk,Tarim,low_severity,,0.0,DUSUK
MAR_2024_01,MAR_2024_01_001548,40.29187,26.31908,0.28775024,0.18083407,0.1459077,2.490015,49.794884,0.18609965,0.23439184,0.19160074,0.0427911,dusuk,Tarim,low_severity,,0.0,DUSUK
MAR_2024_01,MAR_2024_01_001549,40.29189,26.32202,0.4573922,0.31405762,0.18726362,6.6925454,59.080563,0.30899602,0.30282557,0.1744541,0.12837148,dusuk,Tarim,low_severity,,0.0,DUSUK
MAR_2024_01,MAR_2024_01_001572,40.29226,26.38967,0.0,0.0,0.27156833,1.314409,38.97989,0.29181805,0.33723015,0.1567297,0.18050045,orta-dusuk,Tarim,low_severity,,0.0,DUSUK
MAR_2024_01,MAR_2024_01_001573,40.29228,26.39261,0.0,0.0,0.14382195,0.70055246,39.28995,0.22617532,0.21143755,0.16687569,0.044561863,dusuk,Tarim,low_severity,,0.0,DUSUK
MAR_2024_01,MAR_2024_01_001580,40.29238,26.4132,0.24061055,0.0,0.1552268,6.9486775,84.75359,1.3466723,0.2512464,0.23287736,0.018369034,dusuk,Otlak/calilik,low_severity,,0.0,DUSUK
MAR_2024_01,MAR_2024_01_001589,40.28916,26.24558,0.0,0.0,0.123746395,0.96317714,1.7756149,0.18718962,0.26267463,0.19794822,0.06472641,dusuk,Tarim,low_severity,,0.0,DUSUK
MAR_2024_01,MAR_2024_01_001596,40.28929,26.26617,0.0,0.0,0.124819666,0.67028284,2.0977292,0.814836,0.27834854,0.20606993,0.072278604,dusuk,Otlak/calilik,low_severity,,0.0,DUSUK
MAR_2024_01,MAR_2024_01_001597,40.28931,26.26911,0.0,0.0,0.31254777,0.66353333,4.388348,0.98406583,0.44941154,0.1655136,0.28389794,orta-dusuk,Tarim,predicted,0.1815,0.2029,DUSUK
MAR_2024_01,MAR_2024_01_001598,40.28933,26.27205,0.0,0.0,0.21171045,0.64582247,6.870285,0.78772765,0.2878999,0.10839228,0.17950763,dusuk,Tarim,low_severity,,0.0,DUSUK
MAR_2024_01,MAR_2024_01_001599,40.28935,26.27499,0.039023336,0.0,0.23495758,1.6979162,10.213718,0.6057979,0.35023844,0.13693798,0.21330047,dusuk,Tarim,low_severity,,0.0,DUSUK
MAR_2024_01,MAR_2024_01_001600,40.28937,26.27793,0.03495664,0.0,0.16476724,2.199845,13.183702,0.48833108,0.35009974,0.2123926,0.13770714,dusuk,Tarim,low_severity,,0.0,DUSUK
MAR_2024_01,MAR_2024_01_001601,40.28939,26.28087,0.010649724,0.0,0.1969214,2.1863685,15.616583,0.47786453,0.3250158,0.1702415,0.15477431,dusuk,Tarim,low_severity,,0.0,DUSUK
MAR_2024_01,MAR_2024_01_001603,40.28942,26.28675,0.0,0.0,0.18524612,1.2192652,20.07499,0.61251545,0.22775221,0.09871481,0.1290374,dusuk,Tarim,low_severity,,0.0,DUSUK
MAR_2024_01,MAR_2024_01_001604,40.28944,26.28969,0.009626059,0.0044075064,0.13827299,2.9180522,27.288729,0.7636767,0.24237975,0.15159486,0.09078489,dusuk,Tarim,low_severity,,0.0,DUSUK
MAR_2024_01,MAR_2024_01_001611,40.28956,26.31028,0.059923653,0.054851748,0.14051387,3.9233768,47.621964,0.7560169,0.271344,0.15370707,0.117636934,dusuk,Tarim,low_severity,,0.0,DUSUK
MAR_2024_01,MAR_2024_01_001612,40.28958,26.31322,0.19256774,0.21101882,0.1009703,5.0196915,53.774204,0.507353,0.27628908,0.19369139,0.08259769,dusuk,Tarim,low_severity,,0.0,DUSUK
MAR_2024_01,MAR_2024_01_001613,40.2896,26.31616,0.050214898,0.06277633,0.20293199,2.2065544,46.586018,0.2612518,0.29560968,0.14523858,0.1503711,dusuk,Tarim,low_severity,,0.0,DUSUK
MAR_2024_01,MAR_2024_01_001614,40.28962,26.3191,0.39327377,0.22539656,0.23181798,5.9022646,55.215626,0.06401536,0.3670948,0.16081204,0.20628278,dusuk,Tarim,low_severity,,0.0,DUSUK
MAR_2024_01,MAR_2024_01_001638,40.29001,26.38969,0.0,0.012096842,0.23482156,3.535355,42.18065,0.41287085,0.24976842,0.16017047,0.089597955,dusuk,Tarim,low_severity,,0.0,DUSUK
MAR_2024_01,MAR_2024_01_001639,40.29003,26.39263,0.05992039,0.0,0.13879511,0.8919124,38.534035,0.16323812,0.30969587,0.249616,0.060079873,dusuk,Tarim,low_severity,,0.0,DUSUK
MAR_2024_01,MAR_2024_01_001643,40.29009,26.4044,0.06626981,0.0,0.10834663,8.230283,70.14783,0.5739279,0.23804495,0.22927031,0.008774638,dusuk,Tarim,low_severity,,0.0,DUSUK
MAR_2024_01,MAR_2024_01_001644,40.2901,26.40734,0.31710136,0.0,0.11731732,7.0130205,86.6856,0.82392466,0.27638322,0.24541351,0.03096971,dusuk,Tarim,low_severity,,0.0,DUSUK
MAR_2024_01,MAR_2024_01_001647,40.29015,26.41616,0.0519039,0.0,0.22140054,3.53762,62.450554,1.5739212,0.22108999,0.14184593,0.07924406,dusuk,Tarim,low_severity,,0.0,DUSUK
MAR_2024_01,MAR_2024_01_001648,40.29016,26.4191,0.0,0.0,0.28526136,1.4969323,60.476463,1.8239206,0.30721688,0.13461146,0.17260543,orta-dusuk,Tarim,low_severity,,0.0,DUSUK
MAR_2024_01,MAR_2024_01_001658,40.28697,26.25443,0.0,0.0,0.12134236,0.049602386,0.3459632,0.6564562,0.30355734,0.24031624,0.063241094,dusuk,Otlak/calilik,low_severity,,0.0,DUSUK
MAR_2024_01,MAR_2024_01_001662,40.28704,26.26619,0.08549918,0.0,0.10613236,0.80854255,3.3587554,0.63138443,0.2594365,0.22320671,0.036229774,dusuk,Otlak/calilik,low_severity,,0.0,DUSUK
MAR_2024_01,MAR_2024_01_001663,40.28706,26.26913,0.14771181,0.0,0.20295617,0.6730019,6.485872,0.8384952,0.32385522,0.19905576,0.12479946,dusuk,Otlak/calilik,low_severity,,0.0,DUSUK
MAR_2024_01,MAR_2024_01_001664,40.28708,26.27207,0.0,0.0,0.20324144,0.5512697,8.446771,0.9581672,0.20537883,0.12488872,0.08049011,dusuk,Tarim,low_severity,,0.0,DUSUK
MAR_2024_01,MAR_2024_01_001665,40.2871,26.27501,0.0,0.0,0.21700677,0.5040802,9.960678,0.765568,0.24332753,0.12755269,0.11577484,dusuk,Tarim,low_severity,,0.0,DUSUK
MAR_2024_01,MAR_2024_01_001666,40.28711,26.27795,0.15906173,0.0,0.17480378,0.66537887,12.146231,0.5423295,0.31514585,0.2272943,0.087851554,dusuk,Tarim,low_severity,,0.0,DUSUK
MAR_2024_01,MAR_2024_01_001667,40.28713,26.28089,0.14653605,0.0,0.34825808,0.64680696,14.496629,0.35657853,0.4641719,0.16832803,0.29584384,orta-dusuk,Tarim,predicted,0.1924,0.2986,ORTA
MAR_2024_01,MAR_2024_01_001668,40.28715,26.28384,0.0,0.0,0.24638155,0.5905321,17.282331,0.2918479,0.3178609,0.10446223,0.21339867,dusuk,Tarim,low_severity,,0.0,DUSUK
MAR_2024_01,MAR_2024_01_001669,40.28717,26.28678,0.0,0.0,0.1848101,1.1265098,19.595964,0.41012454,0.2246345,0.11396726,0.110667236,dusuk,Tarim,low_severity,,0.0,DUSUK
MAR_2024_01,MAR_2024_01_001676,40.28729,26.30736,0.006355851,0.06256508,0.16560356,2.5799203,39.599117,0.6188075,0.29503387,0.16133407,0.1336998,dusuk,Tarim,low_severity,,0.0,DUSUK
MAR_2024_01,MAR_2024_01_001677,40.28731,26.3103,0.059925616,0.0,0.18856354,0.8761673,39.71578,0.54319173,0.2962023,0.13008937,0.16611293,dusuk,Tarim,low_severity,,0.0,DUSUK
MAR_2024_01,MAR_2024_01_001678,40.28733,26.31324,0.0,0.0,0.20035192,1.1094989,42.05332,0.561836,0.28614718,0.12213472,0.16401246,dusuk,Tarim,low_severity,,0.0,DUSUK
MAR_2024_01,MAR_2024_01_001705,40.28777,26.39265,0.09134923,0.012468511,0.1939996,2.7753527,37.64281,0.20838477,0.24579632,0.16378763,0.08200869,dusuk,Tarim,low_severity,,0.0,DUSUK
MAR_2024_01,MAR_2024_01_001709,40.28783,26.40442,0.256458,0.0,0.1232726,8.534609,63.816147,0.5983818,0.28100836,0.2697453,0.0112630725,dusuk,Tarim,low_severity,,0.0,DUSUK
MAR_2024_01,MAR_2024_01_001711,40.28786,26.4103,0.13173212,0.0,0.10946572,8.12623,74.86001,1.089423,0.2763425,0.25223705,0.02410546,dusuk,Otlak/calilik,low_severity,,0.0,DUSUK
MAR_2024_01,MAR_2024_01_001712,40.28788,26.41324,0.0,0.0,0.15601712,4.615501,60.21049,1.3374354,0.20835835,0.16820143,0.040156916,dusuk,Tarim,low_severity,,0.0,DUSUK
MAR_2024_01,MAR_2024_01_001713,40.28789,26.41618,0.0,0.0,0.21040562,1.9775841,55.77882,1.5860718,0.23478812,0.13506168,0.09972644,dusuk,Tarim,low_severity,,0.0,DUSUK
MAR_2024_01,MAR_2024_01_001714,40.28791,26.41912,0.02159937,0.0,0.23177694,3.541362,59.509922,1.835079,0.24471903,0.12517035,0.11954868,dusuk,Tarim,low_severity,,0.0,DUSUK
MAR_2024_01,MAR_2024_01_001715,40.28792,26.42206,0.09913073,0.0,0.13526602,6.7048993,73.70931,2.084324,0.25601345,0.19623017,0.05978328,dusuk,Tarim,low_severity,,0.0,DUSUK
MAR_2024_01,MAR_2024_01_001724,40.28471,26.25445,0.0,0.0,0.10422643,0.107651114,0.676173,0.4558224,0.22356775,0.1937308,0.029836953,dusuk,Otlak/calilik,low_severity,,0.0,DUSUK
MAR_2024_01,MAR_2024_01_001725,40.28473,26.25739,0.0,0.0,0.14210506,0.20792198,1.0436114,0.30830374,0.22249636,0.1736007,0.048895657,dusuk,Otlak/calilik,low_severity,,0.0,DUSUK
MAR_2024_01,MAR_2024_01_001726,40.28475,26.26033,0.0,0.0,0.14839935,0.28866482,1.7706891,0.15645796,0.22056054,0.18048301,0.040077522,dusuk,Otlak/calilik,low_severity,,0.0,DUSUK
MAR_2024_01,MAR_2024_01_001727,40.28477,26.26327,0.0,0.0,0.1542437,0.36610946,2.511305,0.28090388,0.21636447,0.17292193,0.043442547,dusuk,Tarim,low_severity,,0.0,DUSUK
MAR_2024_01,MAR_2024_01_001728,40.28479,26.26621,0.07235906,0.0,0.14174199,0.61942196,4.4413447,0.50826657,0.21596733,0.20292556,0.0130417645,dusuk,Tarim,low_severity,,0.0,DUSUK
MAR_2024_01,MAR_2024_01_001729,40.28481,26.26916,0.17372064,0.0,0.20264837,0.5349315,6.81214,0.7501752,0.27183706,0.20431224,0.06752482,dusuk,Tarim,low_severity,,0.0,DUSUK
MAR_2024_01,MAR_2024_01_001732,40.28486,26.27798,0.0,0.0,0.20949122,0.56954426,13.589322,0.4605956,0.28479505,0.16996333,0.114831716,dusuk,Tarim,low_severity,,0.0,DUSUK
MAR_2024_01,MAR_2024_01_001733,40.28488,26.28092,0.0,0.0,0.23385684,0.59024245,15.652207,0.21254474,0.32945582,0.15803519,0.17142063,dusuk,Tarim,low_severity,,0.0,DUSUK
MAR_2024_01,MAR_2024_01_001734,40.2849,26.28386,0.0,0.0,0.19980066,0.7314311,18.488024,0.05658809,0.23139954,0.124058366,0.10734117,dusuk,Tarim,low_severity,,0.0,DUSUK
MAR_2024_01,MAR_2024_01_001735,40.28492,26.2868,0.0,0.0,0.17014322,0.57813066,20.823797,0.29364803,0.22911373,0.1458835,0.08323023,dusuk,Tarim,low_severity,,0.0,DUSUK
MAR_2024_01,MAR_2024_01_001736,40.28494,26.28974,0.0,0.0,0.20762494,1.0157703,23.562141,0.54245377,0.20707487,0.13798052,0.069094345,dusuk,Tarim,low_severity,,0.0,DUSUK
MAR_2024_01,MAR_2024_01_001741,40.28502,26.30445,0.0,0.0,0.18160823,2.0342433,35.278145,0.4932803,0.23504691,0.123607546,0.11143936,dusuk,Tarim,low_severity,,0.0,DUSUK
MAR_2024_01,MAR_2024_01_001742,40.28504,26.30739,0.0,0.0,0.17629679,0.8848702,37.54498,0.41834667,0.26038384,0.13841356,0.12197028,dusuk,Tarim,low_severity,,0.0,DUSUK
MAR_2024_01,MAR_2024_01_001743,40.28506,26.31033,0.0,0.0,0.15279076,0.8944157,40.73843,0.29520923,0.3185175,0.19427255,0.12424496,dusuk,Tarim,low_severity,,0.0,DUSUK
MAR_2024_01,MAR_2024_01_001744,40.28508,26.31327,0.0,0.0,0.22410622,0.9936183,43.18916,0.35253802,0.30330783,0.14276491,0.16054292,dusuk,Tarim,low_severity,,0.0,DUSUK
MAR_2024_01,MAR_2024_01_001745,40.28509,26.31621,0.0,0.0,0.22914408,1.0079212,45.49484,0.39237243,0.23771496,0.1159527,0.12176226,dusuk,Tarim,low_severity,,0.0,DUSUK
MAR_2024_01,MAR_2024_01_001746,40.28511,26.31915,0.0,0.0,0.24575362,1.095487,48.827885,0.22633132,0.21310619,0.108253196,0.10485299,dusuk,Tarim,low_severity,,0.0,DUSUK
MAR_2024_01,MAR_2024_01_001747,40.28513,26.32209,0.07972845,0.017873548,0.20980841,1.396497,53.08896,0.023431968,0.20584953,0.10612304,0.09972649,dusuk,Tarim,low_severity,,0.0,DUSUK
MAR_2024_01,MAR_2024_01_001748,40.28515,26.32503,0.00881756,0.0008384276,0.16942643,1.1487497,54.94377,0.25308493,0.20933744,0.10696982,0.102367625,dusuk,Tarim,low_severity,,0.0,DUSUK
MAR_2024_01,MAR_2024_01_001749,40.28516,26.32797,0.0,0.0,0.15148269,1.5128121,57.733826,0.30465832,0.23461795,0.121068,0.11354995,dusuk,Tarim,low_severity,,0.0,DUSUK
MAR_2024_01,MAR_2024_01_001750,40.28518,26.33091,0.0,0.0,0.12096342,1.8629657,62.059673,0.27076873,0.2356962,0.14618243,0.089513764,dusuk,Tarim,low_severity,,0.0,DUSUK
MAR_2024_01,MAR_2024_01_001771,40.28552,26.39267,0.31193206,0.13527739,0.17273986,3.6010072,38.15833,0.19005159,0.2745462,0.18729354,0.08725266,dusuk,Tarim,low_severity,,0.0,DUSUK
MAR_2024_01,MAR_2024_01_001772,40.28554,26.39561,0.0,0.0,0.18073788,0.6358642,32.99677,0.14583333,0.31398797,0.20403072,0.10995725,dusuk,Tarim,low_severity,,0.0,DUSUK
MAR_2024_01,MAR_2024_01_001773,40.28555,26.39855,0.23969635,0.0,0.1827576,1.9256856,34.22321,0.28748882,0.30653936,0.19277202,0.11376734,dusuk,Tarim,low_severity,,0.0,DUSUK
MAR_2024_01,MAR_2024_01_001774,40.28557,26.40149,0.46219257,0.11181247,0.12959072,8.160256,55.3939,0.4566781,0.24881238,0.23677774,0.01203464,dusuk,Tarim,low_severity,,0.0,DUSUK
MAR_2024_01,MAR_2024_01_001777,40.28561,26.41032,0.10182654,0.0,0.13338943,4.893329,53.044224,1.1512127,0.21211627,0.17966166,0.03245461,dusuk,Tarim,low_severity,,0.0,DUSUK
MAR_2024_01,MAR_2024_01_001778,40.28563,26.41326,0.0,0.0,0.25253558,1.2397152,49.535847,1.3882296,0.28502744,0.13507302,0.14995442,dusuk,Tarim,low_severity,,0.0,DUSUK
MAR_2024_01,MAR_2024_01_001779,40.28564,26.4162,0.0,0.0,0.30517927,3.0359778,53.475674,1.6291324,0.33493638,0.10998094,0.22495544,orta-dusuk,Tarim,predicted,0.1385,0.0877,DUSUK
MAR_2024_01,MAR_2024_01_001780,40.28566,26.41914,0.05992329,0.0,0.13153583,6.5109253,74.47179,1.8724217,0.26537445,0.20994051,0.055433944,dusuk,Tarim,low_severity,,0.0,DUSUK
MAR_2024_01,MAR_2024_01_001781,40.28567,26.42208,0.0,0.0,0.10555844,8.984752,81.50207,2.1172752,0.22180238,0.2003686,0.021433786,dusuk,Tarim,low_severity,,0.0,DUSUK
MAR_2024_01,MAR_2024_01_001791,40.28248,26.25742,0.023493867,0.0061699245,0.2436626,0.12794903,1.384057,0.28238234,0.27366757,0.13191262,0.14175496,dusuk,Tarim,low_severity,,0.0,DUSUK
MAR_2024_01,MAR_2024_01_001792,40.2825,26.26036,0.0,0.0,0.22622631,0.2566367,2.1820488,0.09574805,0.31294274,0.18884262,0.12410012,dusuk,Tarim,low_severity,,0.0,DUSUK
MAR_2024_01,MAR_2024_01_001795,40.28255,26.26918,0.0,0.0,0.22583085,0.44934133,6.3259115,0.7398996,0.20237768,0.111906335,0.09047134,dusuk,Tarim,low_severity,,0.0,DUSUK
MAR_2024_01,MAR_2024_01_001804,40.28272,26.29565,0.0,0.0,0.19294932,0.59545225,27.302322,0.40417576,0.24679711,0.12410083,0.12269629,dusuk,Tarim,low_severity,,0.0,DUSUK
MAR_2024_01,MAR_2024_01_001810,40.28283,26.31329,0.0,0.0,0.11552802,1.436141,47.985153,0.20340662,0.20626968,0.16040576,0.045863926,dusuk,Tarim,low_severity,,0.0,DUSUK
MAR_2024_01,MAR_2024_01_001811,40.28284,26.31623,0.0,0.0,0.13068257,1.5567912,50.955162,0.43410385,0.21140596,0.16559908,0.045806885,dusuk,Tarim,low_severity,,0.0,DUSUK
MAR_2024_01,MAR_2024_01_001815,40.28291,26.32799,0.14677684,0.0,0.104283825,2.8799145,65.885574,0.12593284,0.21894035,0.14267498,0.076265365,dusuk,Tarim,low_severity,,0.0,DUSUK
MAR_2024_01,MAR_2024_01_001837,40.28327,26.39269,0.3233179,0.14993602,0.16790804,3.894346,38.80764,0.39219254,0.21545206,0.16424038,0.051211685,dusuk,Tarim,low_severity,,0.0,DUSUK
MAR_2024_01,MAR_2024_01_001838,40.28328,26.39563,0.0,0.0,0.26441655,0.5450879,31.732557,0.37277707,0.30523053,0.13882664,0.16640389,dusuk,Tarim,low_severity,,0.0,DUSUK
MAR_2024_01,MAR_2024_01_001839,40.2833,26.39857,0.0,0.0,0.24751797,1.149417,31.60368,0.49910972,0.32571495,0.14128108,0.18443386,dusuk,Tarim,low_severity,,0.0,DUSUK
MAR_2024_01,MAR_2024_01_001842,40.28335,26.4074,0.32017428,0.3554041,0.13329065,6.7590566,52.17214,1.0133458,0.22401673,0.23509915,-0.011082426,dusuk,Tarim,low_severity,,0.0,DUSUK
MAR_2024_01,MAR_2024_01_001843,40.28336,26.41034,0.0,0.0,0.26042864,1.0054545,44.32427,1.2360319,0.27442667,0.15085742,0.12356925,dusuk,Tarim,low_severity,,0.0,DUSUK
MAR_2024_01,MAR_2024_01_001844,40.28338,26.41328,0.0,0.0,0.31134558,1.0081162,46.11048,1.4675422,0.35223442,0.13850728,0.21372715,orta-dusuk,Tarim,predicted,0.1227,0.0526,DUSUK
MAR_2024_01,MAR_2024_01_001845,40.28339,26.41622,0.0,0.0,0.2150084,2.9852662,51.978554,1.7042843,0.20853809,0.1188328,0.08970529,dusuk,Tarim,low_severity,,0.0,DUSUK
MAR_2024_01,MAR_2024_01_001857,40.28023,26.25744,0.1699528,0.02792786,0.16874251,0.13126053,1.6043274,0.26936314,0.24815813,0.18105349,0.06710464,dusuk,Tarim,low_severity,,0.0,DUSUK
MAR_2024_01,MAR_2024_01_001858,40.28025,26.26038,0.0,0.0,0.14833863,0.20908956,2.1098814,0.3447554,0.2509756,0.20243132,0.048544288,dusuk,Tarim,low_severity,,0.0,DUSUK
MAR_2024_01,MAR_2024_01_001867,40.28041,26.28685,0.07052208,0.0,0.10624881,0.6383379,19.744234,0.34019268,0.26853785,0.24594009,0.02259776,dusuk,Tarim,low_severity,,0.0,DUSUK
MAR_2024_01,MAR_2024_01_001868,40.28043,26.28979,0.038721308,0.0,0.20649844,0.6381087,22.126707,0.1986529,0.24503186,0.15970951,0.08532235,dusuk,Tarim,low_severity,,0.0,DUSUK
MAR_2024_01,MAR_2024_01_001903,40.28102,26.39271,0.27138656,0.25149906,0.16114934,3.7167377,39.205067,0.6296907,0.28282356,0.23142102,0.05140254,dusuk,Tarim,low_severity,,0.0,DUSUK
MAR_2024_01,MAR_2024_01_001904,40.28103,26.39565,0.0,0.0,0.26601127,0.6213791,31.155125,0.61778486,0.34407634,0.16038403,0.1836923,dusuk,Tarim,low_severity,,0.0,DUSUK
MAR_2024_01,MAR_2024_01_001905,40.28105,26.39859,0.0,0.0,0.23581271,0.44940037,29.987255,0.70128876,0.3400277,0.15723106,0.18279663,dusuk,Tarim,low_severity,,0.0,DUSUK
MAR_2024_01,MAR_2024_01_001906,40.28106,26.40153,0.16947538,0.0,0.15276177,4.1624446,38.52902,0.8465014,0.23223493,0.18253751,0.049697414,dusuk,Tarim,low_severity,,0.0,DUSUK
MAR_2024_01,MAR_2024_01_001908,40.28109,26.40742,0.0,0.0,0.25040212,1.4453883,40.71172,1.1590405,0.3083616,0.14882502,0.15953657,dusuk,Tarim,low_severity,,0.0,DUSUK
MAR_2024_01,MAR_2024_01_001909,40.28111,26.41036,0.0,0.0,0.26459515,0.71248263,41.484924,1.3580426,0.32327121,0.16579747,0.15747374,dusuk,Tarim,low_severity,,0.0,DUSUK
MAR_2024_01,MAR_2024_01_001910,40.28112,26.4133,0.0,0.0,0.21961865,0.6942033,44.008835,1.5716822,0.22046241,0.1574841,0.06297831,dusuk,Tarim,low_severity,,0.0,DUSUK
MAR_2024_01,MAR_2024_01_001911,40.28114,26.41624,0.0,0.0,0.28799155,1.1258736,46.53626,1.7947395,0.2537979,0.110409744,0.14338815,orta-dusuk,Tarim,low_severity,,0.0,DUSUK
MAR_2024_01,MAR_2024_01_001929,40.27809,26.27511,0.0,0.0,0.22199121,0.6690228,10.352949,0.7369785,0.21350218,0.11531077,0.09819141,dusuk,Tarim,low_severity,,0.0,DUSUK
MAR_2024_01,MAR_2024_01_001932,40.27814,26.28393,0.059934545,0.0,0.18824767,0.7686694,16.993782,0.33656618,0.2082063,0.15589228,0.052314013,dusuk,Tarim,low_severity,,0.0,DUSUK
MAR_2024_01,MAR_2024_01_001933,40.27816,26.28687,0.0,0.0,0.15572655,0.80913174,19.998793,0.19043909,0.22022882,0.17992891,0.040299907,dusuk,Tarim,low_severity,,0.0,DUSUK
MAR_2024_01,MAR_2024_01_001934,40.27818,26.28981,0.0,0.0,0.1671789,0.95231473,23.42025,0.040844142,0.21940194,0.13014,0.089261934,dusuk,Tarim,low_severity,,0.0,DUSUK
MAR_2024_01,MAR_2024_01_001939,40.27827,26.30451,0.25936824,0.085267775,0.1216367,4.0505557,53.080017,0.16259772,0.20873329,0.21967755,-0.010944262,dusuk,Tarim,low_severity,,0.0,DUSUK
MAR_2024_01,MAR_2024_01_001942,40.27832,26.31334,0.32378694,0.45872715,0.1177894,3.0802078,63.510555,0.50055635,0.23060068,0.24237481,-0.011774123,dusuk,Tarim,low_severity,,0.0,DUSUK
MAR_2024_01,MAR_2024_01_001969,40.27876,26.39273,0.51131636,0.4300651,0.16118765,4.97046,38.08197,0.71160936,0.31022856,0.23777795,0.07245061,dusuk,Tarim,low_severity,,0.0,DUSUK
MAR_2024_01,MAR_2024_01_001970,40.27878,26.39567,0.0,0.0,0.25307268,0.35530865,29.916315,0.8656521,0.31801358,0.15702572,0.16098785,dusuk,Tarim,low_severity,,0.0,DUSUK
MAR_2024_01,MAR_2024_01_001971,40.2788,26.39861,0.0,0.0,0.21492423,0.28181198,29.454777,0.9270929,0.2951809,0.14040768,0.1547732,dusuk,Tarim,low_severity,,0.0,DUSUK
MAR_2024_01,MAR_2024_01_001972,40.27881,26.40155,0.14336361,0.0,0.22395614,2.515289,34.393456,1.0462548,0.2609802,0.15882358,0.10215661,dusuk,Tarim,low_severity,,0.0,DUSUK
MAR_2024_01,MAR_2024_01_001973,40.27883,26.40449,0.103801735,0.0,0.16507477,2.3109818,38.943325,1.1870023,0.25647137,0.18423246,0.07223891,dusuk,Tarim,low_severity,,0.0,DUSUK
MAR_2024_01,MAR_2024_01_001974,40.27884,26.40743,0.0,0.0,0.24548116,0.62191784,37.753128,1.3359939,0.2745538,0.15261063,0.121943176,dusuk,Tarim,low_severity,,0.0,DUSUK
MAR_2024_01,MAR_2024_01_001975,40.27886,26.41038,0.0,0.0,0.2026737,0.688496,40.025543,1.5118811,0.20667553,0.13454345,0.07213208,dusuk,Tarim,low_severity,,0.0,DUSUK
MAR_2024_01,MAR_2024_01_001977,40.27889,26.41626,0.0,0.0,0.19585212,4.4220057,54.979954,1.7472539,0.23753193,0.16039786,0.07713407,dusuk,Tarim,low_severity,,0.0,DUSUK
MAR_2024_01,MAR_2024_01_001978,40.2789,26.4192,0.0,0.0,0.17339596,3.6882346,58.746723,1.8935555,0.22863664,0.18100584,0.0476308,dusuk,Tarim,low_severity,,0.0,DUSUK
MAR_2024_01,MAR_2024_01_001979,40.27892,26.42214,0.0,0.0,0.11237158,2.9673927,65.29383,2.0599053,0.29214233,0.25415167,0.03799066,dusuk,Otlak/calilik,low_severity,,0.0,DUSUK
MAR_2024_01,MAR_2024_01_001993,40.2758,26.26925,0.0,0.0,0.20840397,0.41910395,6.2156262,0.78519344,0.2515369,0.15803003,0.09350687,dusuk,Tarim,low_severity,,0.0,DUSUK
MAR_2024_01,MAR_2024_01_001994,40.27582,26.27219,0.0,0.0,0.21878473,0.41677022,7.3827014,0.6646806,0.31763494,0.17162147,0.14601347,dusuk,Tarim,low_severity,,0.0,DUSUK
MAR_2024_01,MAR_2024_01_001995,40.27584,26.27513,0.0,0.0,0.22494102,0.61343235,9.298932,0.50770736,0.23064685,0.11474907,0.11589778,dusuk,Tarim,low_severity,,0.0,DUSUK
MAR_2024_01,MAR_2024_01_001998,40.27589,26.28395,0.05993651,0.0,0.1900152,0.81263536,16.819014,0.16963276,0.20087379,0.15858778,0.04228601,dusuk,Tarim,low_severity,,0.0,DUSUK
MAR_2024_01,MAR_2024_01_002009,40.27609,26.3163,0.30072284,0.23176312,0.10082889,5.360397,88.26895,0.8395132,0.2025969,0.20790781,-0.005310908,dusuk,Tarim,low_severity,,0.0,DUSUK
MAR_2024_01,MAR_2024_01_002011,40.27612,26.32218,0.9648179,0.90694475,0.11965056,5.9349747,96.19075,0.5968151,0.28893486,0.24557027,0.043364584,dusuk,Agaclik,low_severity,,0.0,DUSUK
MAR_2024_01,MAR_2024_01_002035,40.27651,26.39275,0.0077997246,0.0,0.18628152,1.3010889,32.414436,0.5131469,0.22478807,0.16320434,0.061583728,dusuk,Tarim,low_severity,,0.0,DUSUK
MAR_2024_01,MAR_2024_01_002036,40.27653,26.39569,0.0,0.0,0.26412597,0.4954103,29.427652,0.71280926,0.28067094,0.13039678,0.15027416,dusuk,Tarim,low_severity,,0.0,DUSUK
MAR_2024_01,MAR_2024_01_002039,40.27657,26.40451,0.0,0.0,0.3577351,0.8693871,33.49345,1.224109,0.40407056,0.12224588,0.28182468,orta-dusuk,Tarim,predicted,0.1743,0.1643,DUSUK
MAR_2024_01,MAR_2024_01_002040,40.27659,26.40745,0.0,0.0,0.30544084,0.7617313,36.294956,1.2373761,0.29450545,0.13123739,0.16326806,orta-dusuk,Tarim,low_severity,,0.0,DUSUK
MAR_2024_01,MAR_2024_01_002043,40.27663,26.41628,0.0,0.0,0.16755728,5.6746426,67.00554,1.5424232,0.21010673,0.18925095,0.020855784,dusuk,Otlak/calilik,low_severity,,0.0,DUSUK
MAR_2024_01,MAR_2024_01_002059,40.27355,26.26928,0.0,0.0,0.18504372,0.36889565,5.0557027,0.7684161,0.235501,0.17425607,0.061244935,dusuk,Tarim,low_severity,,0.0,DUSUK
MAR_2024_01,MAR_2024_01_002060,40.27356,26.27222,0.0,0.0,0.21593533,0.4312872,6.4377155,0.5304995,0.2955861,0.17707923,0.11850688,dusuk,Tarim,low_severity,,0.0,DUSUK
MAR_2024_01,MAR_2024_01_002061,40.27358,26.27516,0.0,0.0,0.10302977,0.47718632,8.049623,0.31208363,0.21314397,0.19718441,0.01595956,dusuk,Tarim,low_severity,,0.0,DUSUK
MAR_2024_01,MAR_2024_01_002063,40.27362,26.28104,0.0,0.0,0.18587816,1.1289585,14.460681,0.07260663,0.20898685,0.17947489,0.029511958,dusuk,Tarim,low_severity,,0.0,DUSUK
MAR_2024_01,MAR_2024_01_002075,40.27383,26.31632,0.8568099,0.8494074,0.13083076,4.3388295,98.881645,1.0591854,0.30310044,0.25919116,0.04390928,dusuk,Agaclik,low_severity,,0.0,DUSUK
MAR_2024_01,MAR_2024_01_002076,40.27385,26.31926,1.0,1.0,0.22163017,4.847068,109.472595,0.94798017,0.32941517,0.2181597,0.11125547,dusuk,Agaclik,low_severity,,0.0,DUSUK
MAR_2024_01,MAR_2024_01_002077,40.27387,26.3222,1.0,1.0,0.41622823,5.803463,100.788734,0.79155415,0.35964426,0.11859511,0.24104916,orta-dusuk,Agaclik,predicted,0.2583,0.4264,ORTA
MAR_2024_01,MAR_2024_01_002078,40.27389,26.32514,1.0,1.0,0.4384461,5.662887,116.837715,0.66764116,0.44409427,0.14424363,0.29985064,orta-dusuk,Agaclik,predicted,0.3068,0.5181,YUKSEK
MAR_2024_01,MAR_2024_01_002079,40.2739,26.32808,1.0,1.0,0.2752868,4.4956627,107.63138,0.62444496,0.41950214,0.20200174,0.2175004,orta-dusuk,Agaclik,predicted,0.2573,0.4265,ORTA
MAR_2024_01,MAR_2024_01_002082,40.27395,26.3369,1.0,1.0,0.18060759,8.334898,200.60727,0.5923312,0.4054845,0.31820512,0.08727938,dusuk,Agaclik,low_severity,,0.0,DUSUK
MAR_2024_01,MAR_2024_01_002083,40.27397,26.33984,1.0,1.0,0.42297438,8.536792,183.50879,0.6647387,0.3956391,0.15613613,0.23950297,orta-dusuk,Agaclik,predicted,0.2651,0.4935,ORTA
MAR_2024_01,MAR_2024_01_002084,40.27399,26.34279,1.0,1.0,0.53760314,6.8002253,166.465,0.6916795,0.42966616,0.09838478,0.33128136,orta-yuksek,Agaclik,predicted,0.3232,0.5583,YUKSEK
MAR_2024_01,MAR_2024_01_002085,40.274,26.34573,1.0,1.0,0.5041611,4.9996457,147.67133,0.72341275,0.45535004,0.14029334,0.31505668,orta-yuksek,Agaclik,predicted,0.3096,0.5059,YUKSEK
MAR_2024_01,MAR_2024_01_002086,40.27402,26.34867,1.0,1.0,0.46361783,6.0582414,145.15526,0.6999264,0.40269387,0.1378556,0.26483828,orta-yuksek,Agaclik,predicted,0.2739,0.4668,ORTA
MAR_2024_01,MAR_2024_01_002087,40.27404,26.35161,1.0,1.0,0.23913808,3.8044379,123.86328,0.45910925,0.35048026,0.23456052,0.11591974,dusuk,Agaclik,low_severity,,0.0,DUSUK
MAR_2024_01,MAR_2024_01_002101,40.27426,26.39277,0.060936306,0.0,0.1591686,2.0937018,32.87159,0.3811187,0.22463787,0.18105409,0.04358378,dusuk,Tarim,low_severity,,0.0,DUSUK
MAR_2024_01,MAR_2024_01_002102,40.27428,26.39571,0.0,0.0,0.2754045,0.63463885,27.862707,0.62452286,0.281991,0.12367672,0.15831429,orta-dusuk,Tarim,low_severity,,0.0,DUSUK
MAR_2024_01,MAR_2024_01_002103,40.27429,26.39865,0.0,0.0,0.20706354,0.46674383,28.03059,0.87166864,0.23054193,0.18648875,0.044053182,dusuk,Tarim,low_severity,,0.0,DUSUK
MAR_2024_01,MAR_2024_01_002104,40.27431,26.40159,0.0,0.0,0.24845167,0.7380737,30.18236,1.0207644,0.28021652,0.13177547,0.14844105,dusuk,Tarim,low_severity,,0.0,DUSUK
MAR_2024_01,MAR_2024_01_002105,40.27432,26.40453,0.0,0.0,0.3412496,1.4718474,32.55321,0.9744827,0.3952894,0.09781262,0.29747677,orta-dusuk,Tarim,predicted,0.1918,0.2326,DUSUK
MAR_2024_01,MAR_2024_01_002106,40.27434,26.40747,0.0,0.0,0.26645225,3.1132905,38.72413,0.991097,0.27140653,0.11491409,0.15649244,dusuk,Tarim,low_severity,,0.0,DUSUK
MAR_2024_01,MAR_2024_01_002111,40.27441,26.42218,0.0,0.0,0.108682975,14.7028885,101.97159,1.69335,0.29920137,0.26048285,0.03871852,dusuk,Otlak/calilik,low_severity,,0.0,DUSUK
MAR_2024_01,MAR_2024_01_002124,40.27128,26.26636,0.0,0.0,0.18555938,0.1816468,3.244695,0.6423691,0.26220715,0.15290815,0.109299004,dusuk,Tarim,low_severity,,0.0,DUSUK
MAR_2024_01,MAR_2024_01_002125,40.27129,26.2693,0.0,0.0,0.18934637,0.32871583,4.14304,0.7004124,0.2795281,0.17156631,0.1079618,dusuk,Tarim,low_severity,,0.0,DUSUK
MAR_2024_01,MAR_2024_01_002128,40.27135,26.27812,0.0,0.0,0.13608365,0.8027143,10.284561,0.05470002,0.26334995,0.24245608,0.020893872,dusuk,Tarim,low_severity,,0.0,DUSUK
MAR_2024_01,MAR_2024_01_002135,40.27148,26.2987,0.23060784,0.1720042,0.13881192,3.413067,60.74663,0.20754144,0.21509871,0.21622512,-0.0011264086,dusuk,Tarim,low_severity,,0.0,DUSUK
MAR_2024_01,MAR_2024_01_002137,40.27151,26.30458,0.8597322,0.8163494,0.10889575,4.6482005,65.47274,0.3043061,0.3458388,0.29880482,0.047033966,dusuk,Agaclik,low_severity,,0.0,DUSUK
MAR_2024_01,MAR_2024_01_002138,40.27153,26.30752,1.0,1.0,0.19624078,6.1221704,89.73305,0.5521472,0.3773371,0.2651205,0.11221659,dusuk,Agaclik,low_severity,,0.0,DUSUK
MAR_2024_01,MAR_2024_01_002139,40.27155,26.31046,0.8801213,0.8174651,0.28140002,4.6774726,103.6314,0.80133075,0.31463656,0.17901066,0.1356259,orta-dusuk,Agaclik,low_severity,,0.0,DUSUK
MAR_2024_01,MAR_2024_01_002140,40.27156,26.3134,0.9907276,1.0,0.34923765,7.003331,106.9265,0.9553249,0.4055768,0.18516141,0.22041538,orta-dusuk,Agaclik,predicted,0.2534,0.4157,ORTA
MAR_2024_01,MAR_2024_01_002141,40.27158,26.31634,0.9880899,1.0,0.16465665,5.0112514,99.93658,0.9541544,0.36933386,0.290873,0.07846087,dusuk,Agaclik,low_severity,,0.0,DUSUK
MAR_2024_01,MAR_2024_01_002142,40.2716,26.31928,1.0,1.0,0.32244354,5.6739607,121.477486,1.0164524,0.35859013,0.19795859,0.16063154,orta-dusuk,Agaclik,low_severity,,0.0,DUSUK
MAR_2024_01,MAR_2024_01_002143,40.27162,26.32223,1.0,1.0,0.45042682,6.0557857,106.25834,1.0006043,0.37783277,0.10761684,0.27021593,orta-yuksek,Agaclik,predicted,0.2795,0.4382,ORTA
MAR_2024_01,MAR_2024_01_002144,40.27163,26.32517,1.0,1.0,0.46936968,7.5957575,129.66025,0.9057569,0.421152,0.11442332,0.30672866,orta-yuksek,Agaclik,predicted,0.3129,0.5266,YUKSEK
MAR_2024_01,MAR_2024_01_002145,40.27165,26.32811,1.0,1.0,0.47464052,8.560521,128.41502,0.7716885,0.44337118,0.1294364,0.31393477,orta-yuksek,Agaclik,predicted,0.3203,0.5695,YUKSEK
MAR_2024_01,MAR_2024_01_002146,40.27167,26.33105,1.0,1.0,0.39214113,10.632868,140.81944,0.5581438,0.4255168,0.14413004,0.2813868,orta-dusuk,Agaclik,predicted,0.3096,0.6094,YUKSEK
MAR_2024_01,MAR_2024_01_002147,40.27168,26.33399,1.0,1.0,0.31441924,14.3964615,176.31859,0.39057118,0.3810742,0.15956903,0.22150517,orta-dusuk,Agaclik,predicted,0.2787,0.6358,YUKSEK
MAR_2024_01,MAR_2024_01_002148,40.2717,26.33693,1.0,1.0,0.5276528,6.147086,199.43872,0.34433585,0.4045835,0.0935051,0.31107843,orta-yuksek,Agaclik,predicted,0.3065,0.5652,YUKSEK
MAR_2024_01,MAR_2024_01_002149,40.27172,26.33987,1.0,1.0,0.6444378,6.718527,169.79936,0.45780838,0.46556413,0.06823409,0.39733005,orta-yuksek,Agaclik,predicted,0.364,0.6522,YUKSEK
MAR_2024_01,MAR_2024_01_002150,40.27173,26.34281,1.0,1.0,0.62683326,5.8012576,149.34184,0.44218618,0.4583807,0.072915755,0.38546494,orta-yuksek,Agaclik,predicted,0.3535,0.6237,YUKSEK
MAR_2024_01,MAR_2024_01_002151,40.27175,26.34575,1.0,1.0,0.5492195,4.6531,135.51093,0.49034083,0.44203603,0.10477787,0.33725816,orta-yuksek,Agaclik,predicted,0.3204,0.5474,YUKSEK
MAR_2024_01,MAR_2024_01_002152,40.27177,26.34869,0.94006217,1.0,0.36034954,4.42893,124.21528,0.6405776,0.37033176,0.164734,0.20559776,orta-dusuk,Agaclik,predicted,0.2311,0.3812,ORTA
MAR_2024_01,MAR_2024_01_002153,40.27178,26.35163,0.8607013,1.0,0.15714696,3.413146,116.52065,0.4441859,0.3654974,0.28213513,0.08336228,dusuk,Agaclik,low_severity,,0.0,DUSUK
MAR_2024_01,MAR_2024_01_002167,40.27201,26.39279,0.043373935,0.0,0.2275475,1.6237499,27.63617,0.3901067,0.37327826,0.19624475,0.17703351,dusuk,Tarim,low_severity,,0.0,DUSUK
MAR_2024_01,MAR_2024_01_002168,40.27202,26.39573,0.0,0.0,0.26877987,0.47335458,26.125788,0.6300481,0.3623922,0.16026711,0.20212507,dusuk,Tarim,low_severity,,0.0,DUSUK
MAR_2024_01,MAR_2024_01_002169,40.27204,26.39867,0.0,0.0,0.34369412,0.4954157,26.93023,0.87563574,0.3676451,0.1281066,0.23953852,orta-dusuk,Tarim,predicted,0.1378,0.1434,DUSUK
MAR_2024_01,MAR_2024_01_002170,40.27205,26.40161,0.0,0.0,0.19893193,3.8425853,33.0838,0.7862146,0.30721024,0.15660676,0.15060347,dusuk,Tarim,low_severity,,0.0,DUSUK
MAR_2024_01,MAR_2024_01_002171,40.27207,26.40455,0.0,0.0,0.1373816,7.4779243,48.46118,0.7251138,0.27825415,0.17239162,0.10586253,dusuk,Tarim,low_severity,,0.0,DUSUK
MAR_2024_01,MAR_2024_01_002172,40.27208,26.40749,0.0,0.0,0.14788467,6.809027,57.06622,0.7472929,0.2694909,0.17929474,0.09019616,dusuk,Tarim,low_severity,,0.0,DUSUK
MAR_2024_01,MAR_2024_01_002175,40.27213,26.41631,0.13341922,0.025987815,0.10062688,3.9619436,100.24307,1.1859243,0.23989356,0.2444186,-0.0045250505,dusuk,Otlak/calilik,low_severity,,0.0,DUSUK
MAR_2024_01,MAR_2024_01_002191,40.26904,26.26933,0.0,0.0,0.11319328,0.36425385,3.1656802,0.54494876,0.20163925,0.18861791,0.013021335,dusuk,Tarim,low_severity,,0.0,DUSUK
MAR_2024_01,MAR_2024_01_002192,40.26906,26.27227,0.0,0.0,0.20318729,0.47224167,4.4584765,0.34729195,0.23915692,0.14313868,0.09601824,dusuk,Tarim,low_severity,,0.0,DUSUK
MAR_2024_01,MAR_2024_01_002193,40.26908,26.27521,0.0,0.0,0.103469774,0.6402665,5.8445015,0.25921467,0.22827837,0.23563217,-0.0073537976,dusuk,Tarim,low_severity,,0.0,DUSUK
MAR_2024_01,MAR_2024_01_002196,40.26913,26.28403,0.17550954,0.0,0.118805766,3.5407352,37.102116,0.36333287,0.2182459,0.22441423,-0.0061683357,dusuk,Tarim,low_severity,,0.0,DUSUK
MAR_2024_01,MAR_2024_01_002197,40.26915,26.28697,0.60528183,0.518507,0.11356776,2.421092,45.337242,0.56570596,0.25661102,0.25859827,-0.0019872487,dusuk,Tarim,low_severity,,0.0,DUSUK
MAR_2024_01,MAR_2024_01_002198,40.26917,26.28991,1.0,0.9542277,0.10376844,2.7139633,44.94638,0.44226077,0.3839019,0.31001946,0.07388243,dusuk,Agaclik,low_severity,,0.0,DUSUK
MAR_2024_01,MAR_2024_01_002199,40.26919,26.29285,0.94005793,0.9635453,0.1639708,3.1360931,52.10754,0.44290632,0.39209563,0.27404907,0.11804655,dusuk,Agaclik,low_severity,,0.0,DUSUK
MAR_2024_01,MAR_2024_01_002200,40.26921,26.29579,0.8201742,1.0,0.25022596,3.5687068,61.297062,0.49238467,0.42879933,0.28034157,0.14845777,dusuk,Agaclik,low_severity,,0.0,DUSUK
MAR_2024_01,MAR_2024_01_002201,40.26922,26.29873,1.0,0.95542485,0.31712738,5.2086897,68.25425,0.36390695,0.44745237,0.24602032,0.20143205,orta-dusuk,Agaclik,predicted,0.2329,0.4302,ORTA
MAR_2024_01,MAR_2024_01_002202,40.26924,26.30167,1.0,1.0,0.32379615,5.4624996,86.94567,0.30772167,0.4766267,0.28113654,0.19549015,orta-dusuk,Agaclik,low_severity,,0.0,DUSUK
MAR_2024_01,MAR_2024_01_002203,40.26926,26.30461,1.0,1.0,0.34355056,5.5825257,78.9624,0.4265642,0.4455945,0.22328141,0.22231308,orta-dusuk,Agaclik,predicted,0.2516,0.458,ORTA
MAR_2024_01,MAR_2024_01_002204,40.26928,26.30755,1.0,1.0,0.45720845,8.082984,95.16306,0.6278705,0.417853,0.14502132,0.27283168,orta-yuksek,Agaclik,predicted,0.2843,0.5224,YUKSEK
MAR_2024_01,MAR_2024_01_002205,40.26929,26.31049,1.0,1.0,0.57890624,8.538043,114.61399,0.7931741,0.45728385,0.11390553,0.34337834,orta-yuksek,Agaclik,predicted,0.329,0.5806,YUKSEK
MAR_2024_01,MAR_2024_01_002206,40.26931,26.31343,1.0,1.0,0.61562467,10.295686,142.89978,0.70844203,0.4577428,0.09466493,0.36307788,orta-yuksek,Agaclik,predicted,0.3454,0.6435,YUKSEK
MAR_2024_01,MAR_2024_01_002207,40.26933,26.31637,1.0,1.0,0.62632185,7.039927,119.98538,0.70686287,0.49181712,0.10349798,0.38831913,orta-yuksek,Agaclik,predicted,0.3579,0.616,YUKSEK
MAR_2024_01,MAR_2024_01_002208,40.26935,26.31931,1.0,1.0,0.5381696,6.7394037,125.75828,0.788936,0.41860545,0.09855269,0.32005274,orta-yuksek,Agaclik,predicted,0.3115,0.5264,YUKSEK
MAR_2024_01,MAR_2024_01_002209,40.26936,26.32225,1.0,1.0,0.48861426,6.559612,119.71092,0.93283707,0.38509655,0.103637844,0.2814587,orta-yuksek,Agaclik,predicted,0.2849,0.4628,ORTA
MAR_2024_01,MAR_2024_01_002210,40.26938,26.32519,1.0,1.0,0.45023793,10.358661,141.99438,0.8292749,0.42395172,0.12764362,0.2963081,orta-yuksek,Agaclik,predicted,0.3132,0.5773,YUKSEK
MAR_2024_01,MAR_2024_01_002211,40.2694,26.32813,1.0,1.0,0.5722588,10.678742,172.30066,0.687576,0.47357923,0.111439146,0.3621401,orta-yuksek,Agaclik,predicted,0.3535,0.6648,YUKSEK
MAR_2024_01,MAR_2024_01_002212,40.26942,26.33107,1.0,1.0,0.4650427,14.844849,177.39503,0.45192418,0.43705988,0.12940888,0.30765098,orta-yuksek,Agaclik,predicted,0.3317,0.7203,YUKSEK
MAR_2024_01,MAR_2024_01_002213,40.26943,26.33401,1.0,1.0,0.46261173,9.03957,217.44205,0.21273641,0.3925805,0.10922612,0.2833544,orta-yuksek,Agaclik,predicted,0.2994,0.6127,YUKSEK
MAR_2024_01,MAR_2024_01_002214,40.26945,26.33695,1.0,1.0,0.6029845,8.876406,187.40318,0.10619843,0.4467137,0.07439768,0.372316,orta-yuksek,Agaclik,predicted,0.3537,0.7113,YUKSEK
MAR_2024_01,MAR_2024_01_002215,40.26947,26.33989,1.0,1.0,0.58672446,6.812224,158.01285,0.31984282,0.46014673,0.09499368,0.36515304,orta-yuksek,Agaclik,predicted,0.3445,0.6394,YUKSEK
MAR_2024_01,MAR_2024_01_002216,40.26948,26.34283,1.0,1.0,0.3705394,5.553595,143.86612,0.19400184,0.45439065,0.23249832,0.22189233,orta-dusuk,Agaclik,predicted,0.2493,0.483,ORTA
MAR_2024_01,MAR_2024_01_002217,40.2695,26.34577,1.0,1.0,0.12757123,6.3687663,145.08559,0.28730166,0.44689772,0.3694687,0.07742903,dusuk,Agaclik,low_severity,,0.0,DUSUK
MAR_2024_01,MAR_2024_01_002232,40.26974,26.38987,0.40075892,0.2074031,0.16231531,4.5789557,33.25135,0.40538582,0.32425052,0.23770067,0.08654985,dusuk,Tarim,low_severity,,0.0,DUSUK
MAR_2024_01,MAR_2024_01_002233,40.26976,26.39281,0.0,0.0,0.21457261,0.6019727,25.903427,0.53302443,0.35503578,0.19742277,0.15761301,dusuk,Tarim,low_severity,,0.0,DUSUK
MAR_2024_01,MAR_2024_01_002234,40.26977,26.39575,0.0,0.0,0.29947913,0.31917536,24.658188,0.72724986,0.37260363,0.13620362,0.23640001,orta-dusuk,Tarim,predicted,0.1415,0.1653,DUSUK
MAR_2024_01,MAR_2024_01_002235,40.26979,26.39869,0.0,0.0,0.4432823,0.8559951,24.695038,0.73256415,0.47361308,0.08235493,0.39125815,orta-yuksek,Tarim,predicted,0.2562,0.3577,ORTA
MAR_2024_01,MAR_2024_01_002236,40.2698,26.40163,0.0,0.0,0.17072871,6.3979626,38.016777,0.5650724,0.2648158,0.16900617,0.09580964,dusuk,Tarim,low_severity,,0.0,DUSUK
MAR_2024_01,MAR_2024_01_002239,40.26985,26.41045,0.116585374,0.023719758,0.11542768,5.230523,93.89811,0.64596957,0.25332528,0.26557976,-0.012254477,dusuk,Tarim,low_severity,,0.0,DUSUK
MAR_2024_01,MAR_2024_01_002257,40.26679,26.26935,0.0,0.0,0.11824785,0.42500097,2.5093796,0.41898996,0.23205182,0.17630364,0.05574818,dusuk,Tarim,low_severity,,0.0,DUSUK
MAR_2024_01,MAR_2024_01_002258,40.26681,26.27229,0.0,0.0,0.2233043,0.2689434,3.3173606,0.22804242,0.33892885,0.19158924,0.14733961,dusuk,Tarim,low_severity,,0.0,DUSUK
MAR_2024_01,MAR_2024_01_002259,40.26683,26.27523,0.0,0.0,0.1465296,0.5283773,4.8640237,0.025414,0.2853498,0.21197522,0.07337457,dusuk,Tarim,low_severity,,0.0,DUSUK
MAR_2024_01,MAR_2024_01_002260,40.26685,26.27817,0.07136774,0.0,0.13209453,1.4162971,8.346652,0.19353725,0.22791356,0.19428915,0.03362441,dusuk,Tarim,low_severity,,0.0,DUSUK
MAR_2024_01,MAR_2024_01_002262,40.26688,26.28405,0.58826464,0.2549063,0.20467557,4.786642,32.21206,0.40747875,0.2757537,0.19565901,0.080094695,dusuk,Tarim,low_severity,,0.0,DUSUK
MAR_2024_01,MAR_2024_01_002263,40.2669,26.28699,0.9291674,0.86085916,0.34836826,3.8974404,42.640167,0.6387178,0.3627319,0.15963207,0.20309983,orta-dusuk,Agaclik,predicted,0.2158,0.3489,ORTA
MAR_2024_01,MAR_2024_01_002264,40.26692,26.28993,0.99148506,0.9548275,0.3619544,2.818107,46.376186,0.68583983,0.4103534,0.1537613,0.2565921,orta-dusuk,Agaclik,predicted,0.2682,0.4117,ORTA
MAR_2024_01,MAR_2024_01_002265,40.26694,26.29287,0.880112,0.93915504,0.33209255,3.4405603,46.427036,0.68625623,0.36752096,0.14389768,0.22362328,orta-dusuk,Agaclik,predicted,0.2392,0.374,ORTA
MAR_2024_01,MAR_2024_01_002266,40.26695,26.29581,1.0,1.0,0.4453692,5.54698,62.753983,0.7138058,0.4545411,0.14824359,0.30629748,orta-yuksek,Agaclik,predicted,0.3089,0.5141,YUKSEK
MAR_2024_01,MAR_2024_01_002267,40.26697,26.29875,1.0,1.0,0.5228375,5.6342797,77.37564,0.5888829,0.4448419,0.114751145,0.33009076,orta-yuksek,Agaclik,predicted,0.3182,0.546,YUKSEK
MAR_2024_01,MAR_2024_01_002268,40.26699,26.30169,1.0,1.0,0.61290324,5.0127473,91.94824,0.55592036,0.48398912,0.097786605,0.3862025,orta-yuksek,Agaclik,predicted,0.3524,0.5962,YUKSEK
MAR_2024_01,MAR_2024_01_002269,40.26701,26.30463,1.0,1.0,0.5078063,4.933375,93.67824,0.629533,0.42840672,0.1316264,0.29678032,orta-yuksek,Agaclik,predicted,0.2904,0.4857,ORTA
MAR_2024_01,MAR_2024_01_002270,40.26702,26.30757,1.0,1.0,0.56201005,5.8876896,94.11718,0.7188302,0.42564648,0.10381462,0.32183188,orta-yuksek,Agaclik,predicted,0.306,0.5138,YUKSEK
MAR_2024_01,MAR_2024_01_002271,40.26704,26.31051,1.0,1.0,0.59832597,11.110812,122.23764,0.5859775,0.446863,0.08672642,0.36013657,orta-yuksek,Agaclik,predicted,0.3463,0.6722,YUKSEK
MAR_2024_01,MAR_2024_01_002272,40.26706,26.31345,1.0,1.0,0.60178477,10.519692,172.41692,0.4649028,0.45122415,0.08956438,0.36165977,orta-yuksek,Agaclik,predicted,0.3478,0.6811,YUKSEK
MAR_2024_01,MAR_2024_01_002273,40.26708,26.31639,1.0,1.0,0.6435672,9.235022,144.87605,0.46249276,0.48392043,0.09222381,0.39169663,orta-yuksek,Agaclik,predicted,0.3637,0.6882,YUKSEK
MAR_2024_01,MAR_2024_01_002274,40.26709,26.31933,1.0,1.0,0.5979604,6.707058,143.9059,0.58022803,0.45820004,0.095992744,0.3622073,orta-yuksek,Agaclik,predicted,0.3395,0.5972,YUKSEK
MAR_2024_01,MAR_2024_01_002275,40.26711,26.32227,1.0,1.0,0.51705873,6.6903224,134.1247,0.7644799,0.3941692,0.09692832,0.29724088,orta-yuksek,Agaclik,predicted,0.2949,0.5019,YUKSEK
MAR_2024_01,MAR_2024_01_002276,40.26713,26.32521,1.0,1.0,0.5162202,10.216329,146.20445,0.6648696,0.4300867,0.10443355,0.32565314,orta-yuksek,Agaclik,predicted,0.3282,0.62,YUKSEK
MAR_2024_01,MAR_2024_01_002277,40.26715,26.32815,1.0,1.0,0.4701491,14.114488,179.61256,0.47656646,0.40974635,0.10666254,0.3030838,orta-yuksek,Agaclik,predicted,0.3254,0.6963,YUKSEK
MAR_2024_01,MAR_2024_01_002278,40.26716,26.33109,1.0,1.0,0.48503548,5.9586606,210.88725,0.3703776,0.4162038,0.11697654,0.29922727,orta-yuksek,Agaclik,predicted,0.303,0.5535,YUKSEK
MAR_2024_01,MAR_2024_01_002279,40.26718,26.33403,1.0,0.93915504,0.41608316,5.8458695,205.6993,0.25093368,0.3600905,0.10706647,0.25302404,orta-dusuk,Agaclik,predicted,0.2683,0.5108,YUKSEK
MAR_2024_01,MAR_2024_01_002280,40.2672,26.33697,1.0,1.0,0.529286,7.875729,182.39885,0.17026168,0.44585913,0.11490974,0.3309494,orta-yuksek,Agaclik,predicted,0.3267,0.645,YUKSEK
MAR_2024_01,MAR_2024_01_002281,40.26721,26.33991,1.0,1.0,0.27682653,5.513117,167.44267,0.29127187,0.46488303,0.2782369,0.18664613,orta-dusuk,Agaclik,low_severity,,0.0,DUSUK
MAR_2024_01,MAR_2024_01_002298,40.26749,26.38989,0.021776194,0.0,0.17437407,1.5659847,29.986721,0.60164034,0.20362516,0.16090044,0.042724714,dusuk,Tarim,low_severity,,0.0,DUSUK
MAR_2024_01,MAR_2024_01_002301,40.26753,26.39871,0.0,0.0,0.3500888,0.8580553,22.944376,0.6023485,0.3776642,0.12892444,0.24873976,orta-dusuk,Tarim,predicted,0.1452,0.1949,DUSUK
MAR_2024_01,MAR_2024_01_002302,40.26755,26.40165,0.31166446,0.27968758,0.118088424,6.863044,37.087242,0.3814188,0.23772728,0.20611395,0.031613335,dusuk,Tarim,low_severity,,0.0,DUSUK
MAR_2024_01,MAR_2024_01_002324,40.26456,26.27231,0.0,0.0,0.14075331,0.37051415,3.453942,0.114395194,0.2739946,0.17376542,0.100229174,dusuk,Tarim,low_severity,,0.0,DUSUK
MAR_2024_01,MAR_2024_01_002326,40.26459,26.27819,0.0,0.0,0.20846479,0.76711524,7.8778467,0.12657826,0.2561673,0.1328578,0.12330949,dusuk,Tarim,low_severity,,0.0,DUSUK
MAR_2024_01,MAR_2024_01_002328,40.26463,26.28407,0.39798003,0.17269416,0.19094598,2.7126608,18.43149,0.38927042,0.23570506,0.15584606,0.079859,dusuk,Tarim,low_severity,,0.0,DUSUK
MAR_2024_01,MAR_2024_01_002329,40.26465,26.28701,0.5323362,0.43186957,0.12910986,3.1518195,27.51253,0.6377979,0.2684993,0.19118372,0.0773156,dusuk,Agaclik,low_severity,,0.0,DUSUK
MAR_2024_01,MAR_2024_01_002330,40.26467,26.28995,0.9337956,0.27800018,0.12991011,2.9157646,34.262924,0.88715327,0.27281764,0.19562724,0.0771904,dusuk,Otlak/calilik,low_severity,,0.0,DUSUK
MAR_2024_01,MAR_2024_01_002331,40.26468,26.29289,0.9283624,0.92070365,0.455495,4.8506365,46.8858,0.9331288,0.40628016,0.12991792,0.27636224,orta-yuksek,Agaclik,predicted,0.2701,0.4138,ORTA
MAR_2024_01,MAR_2024_01_002332,40.2647,26.29583,0.9302179,0.9286481,0.47810274,5.088978,59.809612,0.9213433,0.39171168,0.093074545,0.29863715,orta-yuksek,Agaclik,predicted,0.2878,0.4473,ORTA
MAR_2024_01,MAR_2024_01_002333,40.26472,26.29877,1.0,0.97439176,0.47342137,5.4319177,58.75825,0.8283344,0.38728684,0.09650406,0.29078278,orta-yuksek,Agaclik,predicted,0.2886,0.4653,ORTA
MAR_2024_01,MAR_2024_01_002334,40.26474,26.30171,1.0,1.0,0.5887766,5.197161,77.21028,0.8052343,0.45157927,0.09178871,0.35979056,orta-yuksek,Agaclik,predicted,0.3331,0.5365,YUKSEK
MAR_2024_01,MAR_2024_01_002335,40.26476,26.30465,1.0,1.0,0.5129781,5.8034797,92.39603,0.67244685,0.40050972,0.08776021,0.3127495,orta-yuksek,Agaclik,predicted,0.3055,0.5175,YUKSEK
MAR_2024_01,MAR_2024_01_002336,40.26477,26.30759,1.0,1.0,0.56320447,6.0079327,107.94083,0.49863333,0.4457019,0.095951036,0.34975088,orta-yuksek,Agaclik,predicted,0.331,0.5834,YUKSEK
MAR_2024_01,MAR_2024_01_002337,40.26479,26.31053,1.0,1.0,0.62094545,9.873318,131.28226,0.41241443,0.47988427,0.10674277,0.3731415,orta-yuksek,Agaclik,predicted,0.3517,0.6844,YUKSEK
MAR_2024_01,MAR_2024_01_002338,40.26481,26.31347,1.0,1.0,0.53521633,9.923586,177.6153,0.23532762,0.41363028,0.09433262,0.31929767,orta-yuksek,Agaclik,predicted,0.3198,0.6558,YUKSEK
MAR_2024_01,MAR_2024_01_002339,40.26483,26.31641,1.0,1.0,0.582778,8.888395,175.21451,0.23052993,0.4383701,0.092810705,0.34555942,orta-yuksek,Agaclik,predicted,0.333,0.6625,YUKSEK
MAR_2024_01,MAR_2024_01_002340,40.26484,26.31935,1.0,1.0,0.6597768,10.526454,178.8626,0.4194151,0.47960418,0.08985804,0.38974613,orta-yuksek,Agaclik,predicted,0.3635,0.7122,YUKSEK
MAR_2024_01,MAR_2024_01_002341,40.26486,26.32229,1.0,1.0,0.5670972,10.501832,164.824,0.65090245,0.41813278,0.08308087,0.3350519,orta-yuksek,Agaclik,predicted,0.3297,0.6283,YUKSEK
MAR_2024_01,MAR_2024_01_002342,40.26488,26.32523,1.0,1.0,0.59884244,14.838688,177.94145,0.5669272,0.45537788,0.08727038,0.3681075,orta-yuksek,Agaclik,predicted,0.3637,0.7575,COK_YUKSEK
MAR_2024_01,MAR_2024_01_002343,40.26489,26.32817,1.0,1.0,0.49357957,12.725776,221.45006,0.32629806,0.43922698,0.12126404,0.31796294,orta-yuksek,Agaclik,predicted,0.3333,0.7074,YUKSEK
MAR_2024_01,MAR_2024_01_002344,40.26491,26.33111,1.0,1.0,0.48565516,6.0355477,218.4984,0.12858611,0.4352518,0.12741795,0.30783385,orta-yuksek,Agaclik,predicted,0.3107,0.5973,YUKSEK
MAR_2024_01,MAR_2024_01_002345,40.26493,26.33405,1.0,1.0,0.27450183,5.9194536,191.88254,0.22715272,0.48184824,0.287938,0.19391024,orta-dusuk,Agaclik,low_severity,,0.0,DUSUK
MAR_2024_01,MAR_2024_01_002346,40.26494,26.33699,1.0,1.0,0.14200836,4.071651,188.10925,0.20249458,0.41373193,0.3183841,0.09534782,dusuk,Agaclik,low_severity,,0.0,DUSUK
MAR_2024_01,MAR_2024_01_002361,40.26519,26.38109,0.15863486,0.0029525813,0.10149622,2.652938,45.153927,0.20711027,0.32518452,0.28675508,0.03842944,dusuk,Tarim,low_severity,,0.0,DUSUK
MAR_2024_01,MAR_2024_01_002363,40.26522,26.38697,0.0,0.0,0.1549649,1.4156004,33.82628,0.251755,0.2705768,0.24269006,0.027886748,dusuk,Tarim,low_severity,,0.0,DUSUK
MAR_2024_01,MAR_2024_01_002392,40.26234,26.27822,0.0,0.0,0.1677768,0.8991448,6.3456025,0.19109663,0.22866037,0.1485296,0.08013077,dusuk,Tarim,low_severity,,0.0,DUSUK
MAR_2024_01,MAR_2024_01_002393,40.26236,26.28116,0.50390357,0.48014736,0.2856701,3.898102,15.159701,0.1483472,0.29112422,0.13774565,0.15337858,orta-dusuk,Tarim,low_severity,,0.0,DUSUK
MAR_2024_01,MAR_2024_01_002394,40.26238,26.2841,0.78282756,0.73607606,0.32864046,3.8860824,25.208448,0.3639998,0.3325167,0.1375143,0.1950024,orta-dusuk,Agaclik,low_severity,,0.0,DUSUK
MAR_2024_01,MAR_2024_01_002395,40.2624,26.28704,0.51789,0.43767944,0.22047359,3.6717904,25.402462,0.6066175,0.27439532,0.16440663,0.10998869,dusuk,Agaclik,low_severity,,0.0,DUSUK
MAR_2024_01,MAR_2024_01_002396,40.26241,26.28998,0.7444994,0.20993225,0.21470462,2.9294772,29.052292,0.74783367,0.27471402,0.16345204,0.11126198,dusuk,Otlak/calilik,low_severity,,0.0,DUSUK
MAR_2024_01,MAR_2024_01_002397,40.26243,26.29292,0.6306403,0.6203676,0.39327207,4.1389184,38.222923,0.8869397,0.33183226,0.11440894,0.21742332,orta-dusuk,Agaclik,predicted,0.1913,0.2819,ORTA
MAR_2024_01,MAR_2024_01_002398,40.26245,26.29586,0.9165658,0.8922514,0.3802461,3.050248,47.52871,1.0672717,0.34333897,0.114996426,0.22834253,orta-dusuk,Agaclik,predicted,0.2335,0.3115,ORTA
MAR_2024_01,MAR_2024_01_002399,40.26247,26.2988,0.9436436,0.9613289,0.39424026,4.8691087,60.698334,1.0359759,0.3472406,0.116490975,0.23074962,orta-dusuk,Agaclik,predicted,0.244,0.3591,ORTA
MAR_2024_01,MAR_2024_01_002400,40.26249,26.30174,1.0,1.0,0.54467785,4.9937825,72.54309,0.79853153,0.4149297,0.096948884,0.3179808,orta-yuksek,Agaclik,predicted,0.3026,0.4852,ORTA
MAR_2024_01,MAR_2024_01_002401,40.2625,26.30468,1.0,1.0,0.53092337,5.773417,76.19969,0.5559704,0.40936017,0.101673335,0.30768684,orta-yuksek,Agaclik,predicted,0.2973,0.5184,YUKSEK
MAR_2024_01,MAR_2024_01_002402,40.26252,26.30762,1.0,1.0,0.55014896,10.626391,107.81268,0.32489002,0.45219278,0.10875017,0.34344262,orta-yuksek,Agaclik,predicted,0.3374,0.6834,YUKSEK
MAR_2024_01,MAR_2024_01_002403,40.26254,26.31056,1.0,1.0,0.62264955,8.97164,143.49017,0.16432887,0.46442604,0.09445067,0.3699754,orta-yuksek,Agaclik,predicted,0.3469,0.6944,YUKSEK
MAR_2024_01,MAR_2024_01_002404,40.26256,26.3135,1.0,1.0,0.546157,11.611577,173.60834,0.14008415,0.41107938,0.090092614,0.32098675,orta-yuksek,Agaclik,predicted,0.3229,0.6976,YUKSEK
MAR_2024_01,MAR_2024_01_002405,40.26257,26.31644,1.0,1.0,0.59275043,9.571523,208.43918,0.13186559,0.43990478,0.091802366,0.34810242,orta-yuksek,Agaclik,predicted,0.3364,0.6904,YUKSEK
MAR_2024_01,MAR_2024_01_002406,40.26259,26.31938,1.0,1.0,0.65738165,10.725767,223.28386,0.3743708,0.47886014,0.085877635,0.3929825,orta-yuksek,Agaclik,predicted,0.369,0.7296,YUKSEK
MAR_2024_01,MAR_2024_01_002407,40.26261,26.32232,1.0,1.0,0.72993255,12.239265,209.31732,0.5096108,0.53133106,0.081399694,0.44993138,yuksek,Agaclik,predicted,0.4104,0.8018,COK_YUKSEK
MAR_2024_01,MAR_2024_01_002408,40.26262,26.32525,1.0,1.0,0.54627,15.127165,230.29085,0.570755,0.5092287,0.16622792,0.34300077,orta-yuksek,Agaclik,predicted,0.3528,0.7437,YUKSEK
MAR_2024_01,MAR_2024_01_002409,40.26264,26.32819,0.99849284,1.0,0.2046515,7.7867436,235.56198,0.33290425,0.43387794,0.2922356,0.14164233,dusuk,Agaclik,low_severity,,0.0,DUSUK
MAR_2024_01,MAR_2024_01_002410,40.26266,26.33113,0.9400536,1.0,0.11597052,8.921191,210.35168,0.14453101,0.45712596,0.37390685,0.08321911,dusuk,Agaclik,low_severity,,0.0,DUSUK
MAR_2024_01,MAR_2024_01_002417,40.26278,26.35171,0.36940792,0.2599377,0.1336197,3.7133992,95.90796,0.13588636,0.24023351,0.23973888,0.00049462914,dusuk,Otlak/calilik,low_severity,,0.0,DUSUK
MAR_2024_01,MAR_2024_01_002425,40.26291,26.37523,0.12747876,0.0,0.108661264,2.513645,52.812794,0.6889637,0.35624108,0.31088656,0.045354515,dusuk,Tarim,low_severity,,0.0,DUSUK
MAR_2024_01,MAR_2024_01_002427,40.26294,26.38111,0.03281638,0.0,0.101436615,1.3556865,42.681046,0.22329527,0.263811,0.22835594,0.035455048,dusuk,Tarim,low_severity,,0.0,DUSUK
MAR_2024_01,MAR_2024_01_002428,40.26295,26.38405,0.1198886,0.1035753,0.22348405,1.5084472,39.382233,0.12161443,0.3182705,0.18854377,0.12972674,dusuk,Tarim,low_severity,,0.0,DUSUK
MAR_2024_01,MAR_2024_01_002429,40.26297,26.38699,0.22691715,0.11066375,0.109744996,2.899139,38.122837,0.24251258,0.20576051,0.20143566,0.0043248534,dusuk,Tarim,low_severity,,0.0,DUSUK
MAR_2024_01,MAR_2024_01_002432,40.26301,26.39581,0.0,0.0,0.236502,0.79391,21.664433,0.19321652,0.25148848,0.17620942,0.07527906,dusuk,Tarim,low_severity,,0.0,DUSUK
MAR_2024_01,MAR_2024_01_002433,40.26303,26.39875,0.0,0.0,0.26808578,0.38361326,20.04311,0.44148,0.20191386,0.1378201,0.06409377,dusuk,Tarim,low_severity,,0.0,DUSUK
MAR_2024_01,MAR_2024_01_002434,40.26305,26.40169,0.273864,0.26161578,0.16707337,5.510601,27.52319,0.4157249,0.25464287,0.2154295,0.039213374,dusuk,Tarim,low_severity,,0.0,DUSUK
MAR_2024_01,MAR_2024_01_002439,40.26312,26.41639,0.1849394,0.22955714,0.15516266,5.410278,31.917465,0.36916313,0.21002892,0.18969966,0.020329252,dusuk,Tarim,low_severity,,0.0,DUSUK
MAR_2024_01,MAR_2024_01_002457,40.26007,26.2753,0.119901225,0.0,0.10881228,0.6577419,3.2308612,0.4107736,0.20187198,0.16670859,0.035163388,dusuk,Tarim,low_severity,,0.0,DUSUK
MAR_2024_01,MAR_2024_01_002458,40.26009,26.27824,0.0,0.0,0.29443026,0.6449651,4.6697965,0.20485009,0.27067775,0.11226963,0.1584081,orta-dusuk,Tarim,low_severity,,0.0,DUSUK
MAR_2024_01,MAR_2024_01_002459,40.26011,26.28118,0.24360588,0.10552919,0.26575452,3.818695,11.809844,0.1671799,0.23031753,0.111729786,0.11858775,dusuk,Tarim,low_severity,,0.0,DUSUK
MAR_2024_01,MAR_2024_01_002460,40.26013,26.28412,0.81638944,0.7916802,0.4043671,5.017237,31.199623,0.3720727,0.35923862,0.11753201,0.24170661,orta-dusuk,Agaclik,predicted,0.2326,0.4259,ORTA
MAR_2024_01,MAR_2024_01_002461,40.26014,26.28706,1.0,1.0,0.549921,5.0050545,46.25839,0.42867243,0.4313606,0.09670091,0.3346597,orta-yuksek,Agaclik,predicted,0.315,0.5516,YUKSEK
MAR_2024_01,MAR_2024_01_002462,40.26016,26.29,1.0,1.0,0.59190273,5.1369696,43.506317,0.53494567,0.44012898,0.08806007,0.3520689,orta-yuksek,Agaclik,predicted,0.3239,0.5546,YUKSEK
MAR_2024_01,MAR_2024_01_002463,40.26018,26.29294,0.8170706,0.8174651,0.33061644,3.9106224,40.110706,0.71664053,0.32583448,0.12923133,0.19660315,orta-dusuk,Agaclik,low_severity,,0.0,DUSUK
MAR_2024_01,MAR_2024_01_002464,40.2602,26.29588,0.9137285,1.0,0.33306575,5.417495,49.3831,0.9253895,0.35167873,0.16234139,0.18933734,orta-dusuk,Agaclik,low_severity,,0.0,DUSUK
MAR_2024_01,MAR_2024_01_002465,40.26022,26.29882,1.0,1.0,0.4254517,5.9797683,67.80272,0.80053985,0.40765288,0.16706768,0.24058521,orta-dusuk,Agaclik,predicted,0.2554,0.4232,ORTA
MAR_2024_01,MAR_2024_01_002466,40.26023,26.30176,1.0,1.0,0.6028848,6.0710893,68.828026,0.7418777,0.4687853,0.10898937,0.35979593,orta-yuksek,Agaclik,predicted,0.3323,0.556,YUKSEK
MAR_2024_01,MAR_2024_01_002467,40.26025,26.3047,0.9400506,1.0,0.6215794,6.5061507,80.67599,0.539464,0.46850646,0.09355272,0.37495375,orta-yuksek,Agaclik,predicted,0.3412,0.6021,YUKSEK
MAR_2024_01,MAR_2024_01_002468,40.26027,26.30764,1.0,1.0,0.66120714,9.537293,101.70812,0.2957564,0.48233014,0.09053035,0.3917998,yuksek,Agaclik,predicted,0.3596,0.7068,YUKSEK
MAR_2024_01,MAR_2024_01_002469,40.26029,26.31058,1.0,1.0,0.67091346,15.860016,139.84558,0.09445794,0.4882939,0.08373536,0.40455854,yuksek,Agaclik,predicted,0.3844,0.865,COK_YUKSEK
MAR_2024_01,MAR_2024_01_002470,40.2603,26.31352,1.0,1.0,0.55046797,15.396453,202.55208,0.23531418,0.4194972,0.088468105,0.3310291,orta-yuksek,Agaclik,predicted,0.3406,0.7699,COK_YUKSEK
MAR_2024_01,MAR_2024_01_002471,40.26032,26.31646,1.0,1.0,0.5308267,11.885235,243.87347,0.2278748,0.40543008,0.08745529,0.3179748,orta-yuksek,Agaclik,predicted,0.3263,0.6961,YUKSEK
MAR_2024_01,MAR_2024_01_002472,40.26034,26.3194,0.94686025,1.0,0.5437393,10.220623,270.76617,0.16151392,0.43289948,0.1070935,0.32580596,orta-yuksek,Agaclik,predicted,0.3262,0.6797,YUKSEK
MAR_2024_01,MAR_2024_01_002473,40.26036,26.32234,0.9862554,1.0,0.5525814,9.3369465,264.35248,0.35390192,0.4949388,0.13990083,0.35503796,orta-yuksek,Agaclik,predicted,0.3504,0.6818,YUKSEK
MAR_2024_01,MAR_2024_01_002474,40.26037,26.32528,1.0,1.0,0.13263066,7.3089194,262.07922,0.41381067,0.44822532,0.36029822,0.0879271,dusuk,Agaclik,low_severity,,0.0,DUSUK
MAR_2024_01,MAR_2024_01_002483,40.26052,26.35174,0.3061022,0.2599377,0.123361066,3.4850786,91.322044,0.24253014,0.24593951,0.24871834,-0.0027788281,dusuk,Tarim,low_severity,,0.0,DUSUK
MAR_2024_01,MAR_2024_01_002498,40.26076,26.39583,0.0,0.0,0.23254836,0.7892198,20.402258,0.2875281,0.20944285,0.1531383,0.05630456,dusuk,Tarim,low_severity,,0.0,DUSUK
MAR_2024_01,MAR_2024_01_002499,40.26078,26.39877,0.0,0.0,0.25458068,0.26147592,18.821667,0.26425716,0.22634378,0.14381894,0.082524836,dusuk,Tarim,low_severity,,0.0,DUSUK
MAR_2024_01,MAR_2024_01_002500,40.26079,26.40171,0.06931816,0.0,0.22110404,2.0783806,19.959982,0.19940965,0.30100363,0.18605292,0.11495072,dusuk,Tarim,low_severity,,0.0,DUSUK
MAR_2024_01,MAR_2024_01_002503,40.26084,26.41053,0.38186482,0.0,0.10260512,1.2243311,19.368587,0.21717972,0.22411314,0.19403517,0.030077964,dusuk,Yerlesim,low_severity,,0.0,DUSUK
MAR_2024_01,MAR_2024_01_002505,40.26087,26.41641,0.12370181,0.0151619855,0.1159502,4.806956,37.60318,0.25801995,0.23290904,0.20302014,0.029888898,dusuk,Tarim,low_severity,,0.0,DUSUK
MAR_2024_01,MAR_2024_01_002506,40.26088,26.41935,0.46363702,0.19663128,0.12534335,5.971902,40.70863,0.5078216,0.25557178,0.20569316,0.049878627,dusuk,Tarim,low_severity,,0.0,DUSUK
MAR_2024_01,MAR_2024_01_002525,40.25785,26.2812,0.0,0.0,0.17074437,2.5271094,9.199025,0.15146638,0.20637175,0.15890238,0.047469378,dusuk,Tarim,low_severity,,0.0,DUSUK
MAR_2024_01,MAR_2024_01_002526,40.25787,26.28414,0.746252,0.67600304,0.32610327,5.6524844,29.48018,0.24138117,0.29561895,0.1292594,0.16635956,orta-dusuk,Agaclik,low_severity,,0.0,DUSUK
MAR_2024_01,MAR_2024_01_002527,40.25789,26.28708,1.0,1.0,0.45304897,5.454932,51.3111,0.1888695,0.39228082,0.11420705,0.27807376,orta-yuksek,Agaclik,predicted,0.2816,0.5343,YUKSEK
MAR_2024_01,MAR_2024_01_002528,40.25791,26.29002,1.0,1.0,0.48597732,5.890792,67.42376,0.37158915,0.43036017,0.1218853,0.30847487,orta-yuksek,Agaclik,predicted,0.3049,0.5554,YUKSEK
MAR_2024_01,MAR_2024_01_002529,40.25793,26.29296,0.9637587,1.0,0.34892282,5.112845,63.56913,0.6045538,0.3984956,0.16264305,0.23585257,orta-dusuk,Agaclik,predicted,0.2596,0.4418,ORTA
MAR_2024_01,MAR_2024_01_002530,40.25795,26.2959,1.0,1.0,0.45444086,4.677764,57.588596,0.7409209,0.42834705,0.14925516,0.2790919,orta-yuksek,Agaclik,predicted,0.2814,0.4535,ORTA
MAR_2024_01,MAR_2024_01_002531,40.25796,26.29884,1.0,1.0,0.49773806,5.4716387,64.42444,0.5774791,0.42061222,0.112761445,0.30785078,orta-yuksek,Agaclik,predicted,0.3017,0.5184,YUKSEK
MAR_2024_01,MAR_2024_01_002532,40.25798,26.30178,1.0,1.0,0.6235914,7.938264,87.94682,0.49295083,0.47600764,0.094288066,0.3817196,orta-yuksek,Agaclik,predicted,0.3529,0.6478,YUKSEK
MAR_2024_01,MAR_2024_01_002533,40.258,26.30472,1.0,1.0,0.690611,11.169325,113.61053,0.52680063,0.49379423,0.08315915,0.41063508,yuksek,Agaclik,predicted,0.3758,0.7281,YUKSEK
MAR_2024_01,MAR_2024_01_002534,40.25802,26.30766,1.0,1.0,0.7008916,15.744782,147.70009,0.44089702,0.49894598,0.08080484,0.41814113,yuksek,Agaclik,predicted,0.392,0.8322,COK_YUKSEK
MAR_2024_01,MAR_2024_01_002535,40.25803,26.3106,1.0,1.0,0.66625357,20.603235,196.22755,0.34035367,0.4899534,0.08930931,0.4006441,yuksek,Agaclik,predicted,0.3946,0.9204,COK_YUKSEK
MAR_2024_01,MAR_2024_01_002536,40.25805,26.31354,1.0,1.0,0.58130896,11.132589,252.42674,0.35925105,0.46720058,0.1080046,0.35919598,orta-yuksek,Agaclik,predicted,0.3535,0.7125,YUKSEK
MAR_2024_01,MAR_2024_01_002537,40.25807,26.31648,1.0,1.0,0.28550074,10.589424,250.72585,0.18823688,0.42073506,0.24043882,0.18029624,orta-dusuk,Agaclik,low_severity,,0.0,DUSUK
MAR_2024_01,MAR_2024_01_002549,40.25827,26.35176,0.4224052,0.23211919,0.13378756,3.2486675,86.91956,0.47347295,0.25027162,0.24616462,0.0041069984,dusuk,Tarim,low_severity,,0.0,DUSUK
MAR_2024_01,MAR_2024_01_002560,40.25845,26.38409,0.29190305,0.14826593,0.15469033,3.4786253,37.377556,0.6169713,0.31027308,0.20956486,0.10070822,dusuk,Tarim,low_severity,,0.0,DUSUK
MAR_2024_01,MAR_2024_01_002561,40.25846,26.38703,0.2877089,0.26162767,0.15166152,3.5004878,33.07106,0.5194731,0.26439565,0.22956914,0.034826517,dusuk,Tarim,low_severity,,0.0,DUSUK
MAR_2024_01,MAR_2024_01_002562,40.25848,26.38997,0.047244493,0.010712504,0.22922318,1.6996896,25.9969,0.29295266,0.24687642,0.19417495,0.052701473,dusuk,Tarim,low_severity,,0.0,DUSUK
MAR_2024_01,MAR_2024_01_002563,40.25849,26.39291,0.023667326,0.0,0.25228745,0.6973139,23.247696,0.16367722,0.23249124,0.15217431,0.08031693,dusuk,Tarim,low_severity,,0.0,DUSUK
MAR_2024_01,MAR_2024_01_002565,40.25853,26.39879,0.0,0.0,0.20793533,0.44151148,18.576921,0.19506237,0.21469618,0.15710115,0.05759503,dusuk,Tarim,low_severity,,0.0,DUSUK
MAR_2024_01,MAR_2024_01_002566,40.25854,26.40173,0.0,0.0,0.18966012,0.42861322,17.124212,0.089340284,0.30997258,0.21066147,0.09931111,dusuk,Tarim,low_severity,,0.0,DUSUK
MAR_2024_01,MAR_2024_01_002567,40.25856,26.40467,0.0,0.0,0.2236915,1.0156232,16.26193,0.17421792,0.24760246,0.14729965,0.100302815,dusuk,Tarim,low_severity,,0.0,DUSUK
MAR_2024_01,MAR_2024_01_002568,40.25857,26.40761,0.0,0.0,0.27357227,0.7931615,15.256837,0.17756864,0.33574417,0.14001247,0.1957317,orta-dusuk,Tarim,low_severity,,0.0,DUSUK
MAR_2024_01,MAR_2024_01_002569,40.25859,26.41055,0.054428477,0.0,0.2196628,2.128384,16.915083,0.07780953,0.30893952,0.16041517,0.14852434,dusuk,Tarim,low_severity,,0.0,DUSUK
MAR_2024_01,MAR_2024_01_002570,40.2586,26.41349,0.40732217,0.0,0.100683555,5.107116,31.302896,0.23570886,0.2519191,0.22110355,0.030815542,dusuk,Tarim,low_severity,,0.0,DUSUK
MAR_2024_01,MAR_2024_01_002571,40.25862,26.41643,0.055935346,0.0,0.19455603,4.107871,26.47622,0.3490948,0.25388062,0.15258801,0.10129261,dusuk,Tarim,low_severity,,0.0,DUSUK
MAR_2024_01,MAR_2024_01_002572,40.25863,26.41937,0.4703666,0.060844965,0.116729625,7.472367,48.26027,0.55962104,0.2823617,0.23149225,0.050869435,dusuk,Tarim,low_severity,,0.0,DUSUK
MAR_2024_01,MAR_2024_01_002591,40.2556,26.28123,0.51441485,0.14992696,0.15307245,2.1405394,8.979422,0.27029982,0.2705713,0.20332526,0.067246035,dusuk,Tarim,low_severity,,0.0,DUSUK
MAR_2024_01,MAR_2024_01_002592,40.25562,26.28417,0.7974054,0.77940327,0.34695685,4.368661,21.156715,0.18755402,0.33878386,0.12870842,0.21007544,orta-dusuk,Agaclik,predicted,0.2101,0.4031,ORTA
MAR_2024_01,MAR_2024_01_002593,40.25564,26.28711,1.0,1.0,0.42842725,6.0655007,33.116894,0.11217542,0.4243979,0.14784616,0.27655172,orta-dusuk,Agaclik,predicted,0.2847,0.5578,YUKSEK
MAR_2024_01,MAR_2024_01_002594,40.25566,26.29005,1.0,1.0,0.38203335,7.566117,46.12769,0.33910197,0.39396495,0.1587507,0.23521425,orta-dusuk,Agaclik,predicted,0.2597,0.5112,YUKSEK
MAR_2024_01,MAR_2024_01_002595,40.25568,26.29299,1.0,1.0,0.52644527,6.4607925,51.733692,0.58514696,0.43075365,0.11504939,0.31570426,orta-yuksek,Agaclik,predicted,0.3056,0.5383,YUKSEK
MAR_2024_01,MAR_2024_01_002596,40.25569,26.29593,0.8201389,1.0,0.4923383,6.170694,66.27958,0.60546005,0.40512905,0.096282,0.30884704,orta-yuksek,Agaclik,predicted,0.2971,0.5177,YUKSEK
MAR_2024_01,MAR_2024_01_002597,40.25571,26.29887,1.0,1.0,0.62562895,7.2187366,74.70147,0.38871616,0.47568333,0.094956726,0.3807266,orta-yuksek,Agaclik,predicted,0.3495,0.6448,YUKSEK
MAR_2024_01,MAR_2024_01_002598,40.25573,26.30181,1.0,1.0,0.70041275,10.844586,91.980194,0.24620844,0.50083065,0.081512004,0.41931865,yuksek,Agaclik,predicted,0.38,0.7652,COK_YUKSEK
MAR_2024_01,MAR_2024_01_002599,40.25575,26.30475,1.0,1.0,0.70505524,15.449659,140.09453,0.30844277,0.50704277,0.07740632,0.42963645,yuksek,Agaclik,predicted,0.4004,0.858,COK_YUKSEK
MAR_2024_01,MAR_2024_01_002600,40.25576,26.30768,1.0,1.0,0.68593204,16.380995,202.82187,0.404708,0.50535744,0.083545044,0.42181242,yuksek,Agaclik,predicted,0.4013,0.8611,COK_YUKSEK
MAR_2024_01,MAR_2024_01_002601,40.25578,26.31062,1.0,1.0,0.44204515,11.370681,245.46193,0.18233214,0.49168628,0.20655882,0.28512746,orta-yuksek,Agaclik,predicted,0.3105,0.6687,YUKSEK
MAR_2024_01,MAR_2024_01_002602,40.2558,26.31356,1.0,1.0,0.2341993,8.53617,250.6991,0.12305107,0.48795116,0.32527047,0.16268069,dusuk,Agaclik,low_severity,,0.0,DUSUK
MAR_2024_01,MAR_2024_01_002626,40.2562,26.38411,0.10542595,0.003436044,0.22055024,2.8438702,35.287933,0.7480764,0.21733606,0.12921679,0.08811927,dusuk,Tarim,low_severity,,0.0,DUSUK
MAR_2024_01,MAR_2024_01_002629,40.25624,26.39293,0.41822362,0.48935586,0.15203504,4.6440616,31.943941,0.08674778,0.29510498,0.24480304,0.05030194,dusuk,Tarim,low_severity,,0.0,DUSUK
MAR_2024_01,MAR_2024_01_002630,40.25626,26.39587,0.0046292935,0.0,0.12710896,2.1333854,19.888584,0.27109805,0.21450457,0.2255435,-0.011038929,dusuk,Tarim,low_severity,,0.0,DUSUK
MAR_2024_01,MAR_2024_01_002631,40.25627,26.39881,0.0,0.0,0.2522427,0.5202174,17.641195,0.3623076,0.3463929,0.1513252,0.1950677,dusuk,Tarim,low_severity,,0.0,DUSUK
MAR_2024_01,MAR_2024_01_002632,40.25629,26.40175,0.0,0.0,0.2810842,0.32577604,15.988561,0.31811816,0.31623352,0.1746619,0.14157161,orta-dusuk,Tarim,low_severity,,0.0,DUSUK
MAR_2024_01,MAR_2024_01_002633,40.2563,26.40469,0.0,0.0,0.2704506,0.40253913,14.858805,0.1432771,0.2613623,0.12807642,0.1332859,orta-dusuk,Tarim,low_severity,,0.0,DUSUK
MAR_2024_01,MAR_2024_01_002634,40.25632,26.40763,0.0,0.0,0.37288207,0.28163543,13.515295,0.18567865,0.43585443,0.10973394,0.3261205,orta-dusuk,Tarim,predicted,0.2077,0.3393,ORTA
MAR_2024_01,MAR_2024_01_002635,40.25633,26.41057,0.0,0.0,0.24983594,0.5518202,13.675819,0.29990268,0.33342502,0.15677838,0.17664663,dusuk,Tarim,low_severity,,0.0,DUSUK
MAR_2024_01,MAR_2024_01_002636,40.25635,26.41351,0.0,0.0,0.14519377,2.0546489,16.071857,0.43004686,0.2920886,0.19646573,0.09562287,dusuk,Tarim,low_severity,,0.0,DUSUK
MAR_2024_01,MAR_2024_01_002637,40.25636,26.41645,0.0,0.0,0.17320141,3.580601,21.645906,0.4624745,0.2735173,0.15694563,0.11657168,dusuk,Tarim,low_severity,,0.0,DUSUK
MAR_2024_01,MAR_2024_01_002657,40.25335,26.28125,0.8784,0.8755114,0.313016,4.7166557,11.306474,0.069923446,0.28696233,0.122089595,0.16487274,orta-dusuk,Agaclik,low_severity,,0.0,DUSUK
MAR_2024_01,MAR_2024_01_002658,40.25337,26.28419,1.0,1.0,0.4083373,5.8873696,33.636852,0.27222794,0.42980754,0.17447504,0.2553325,orta-dusuk,Agaclik,predicted,0.269,0.5099,YUKSEK
MAR_2024_01,MAR_2024_01_002659,40.25339,26.28713,1.0,1.0,0.39093405,7.7021117,48.327957,0.33837104,0.4377356,0.18965968,0.2480759,orta-dusuk,Agaclik,predicted,0.27,0.5299,YUKSEK
MAR_2024_01,MAR_2024_01_002660,40.2534,26.29007,0.8768993,1.0,0.45686337,5.1407433,46.914066,0.46572715,0.40890253,0.13143626,0.27746627,orta-yuksek,Agaclik,predicted,0.2744,0.4834,ORTA
MAR_2024_01,MAR_2024_01_002661,40.25342,26.29301,0.9044205,1.0,0.5112165,9.94336,65.37848,0.66656476,0.40405148,0.087131515,0.31691998,orta-yuksek,Agaclik,predicted,0.3131,0.5914,YUKSEK
MAR_2024_01,MAR_2024_01_002662,40.25344,26.29595,1.0,1.0,0.5966395,11.773096,83.69587,0.5560575,0.46905404,0.10243186,0.36662218,orta-yuksek,Agaclik,predicted,0.3521,0.6951,YUKSEK
MAR_2024_01,MAR_2024_01_002663,40.25346,26.29889,1.0,1.0,0.5979103,11.944161,101.363464,0.30613446,0.4409417,0.0841798,0.3567619,orta-yuksek,Agaclik,predicted,0.3441,0.7159,YUKSEK
MAR_2024_01,MAR_2024_01_002664,40.25348,26.30183,1.0,1.0,0.7525681,15.434869,129.76964,0.05689173,0.52707624,0.069900945,0.4571753,yuksek,Agaclik,predicted,0.4164,0.9151,COK_YUKSEK
MAR_2024_01,MAR_2024_01_002665,40.25349,26.30477,1.0,1.0,0.6851838,15.516526,179.26843,0.19430652,0.48197967,0.06682011,0.41515955,yuksek,Agaclik,predicted,0.3925,0.8605,COK_YUKSEK
MAR_2024_01,MAR_2024_01_002666,40.25351,26.30771,1.0,0.9958271,0.41359344,12.310266,240.07916,0.32929364,0.44213754,0.18737307,0.25476447,orta-dusuk,Agaclik,predicted,0.2899,0.6309,YUKSEK
MAR_2024_01,MAR_2024_01_002693,40.25396,26.38707,0.5774595,0.47133365,0.1276978,5.1838055,42.47577,0.5969273,0.2107534,0.23030494,-0.019551545,dusuk,Agaclik,low_severity,,0.0,DUSUK
MAR_2024_01,MAR_2024_01_002694,40.25397,26.39001,0.5385357,0.56021166,0.12258343,5.096468,40.625523,0.41507968,0.22976118,0.25716397,-0.027402788,dusuk,Agaclik,low_severity,,0.0,DUSUK
MAR_2024_01,MAR_2024_01_002696,40.25401,26.39589,0.5066303,0.47721484,0.11880885,8.253868,32.26496,0.42335457,0.2781608,0.26379412,0.014366686,dusuk,Agaclik,low_severity,,0.0,DUSUK
MAR_2024_01,MAR_2024_01_002697,40.25402,26.39883,0.1711317,0.11065959,0.25581577,4.262147,21.618649,0.37760708,0.3402272,0.15072435,0.18950284,dusuk,Tarim,low_severity,,0.0,DUSUK
MAR_2024_01,MAR_2024_01_002698,40.25404,26.40177,0.0,0.0,0.26962727,0.9787713,16.131866,0.1414562,0.238065,0.13336888,0.104696125,dusuk,Tarim,low_severity,,0.0,DUSUK
MAR_2024_01,MAR_2024_01_002699,40.25405,26.40471,0.0,0.0,0.3146582,0.5005424,14.385088,0.14977518,0.33408615,0.12988697,0.20419918,orta-dusuk,Tarim,predicted,0.11,0.1894,DUSUK
MAR_2024_01,MAR_2024_01_002700,40.25407,26.40765,0.0,0.0,0.3600013,0.19981411,13.283989,0.3868501,0.43936428,0.13692,0.30244428,orta-dusuk,Tarim,predicted,0.1889,0.2826,ORTA
MAR_2024_01,MAR_2024_01_002701,40.25408,26.41059,0.0,0.0,0.2780156,0.2340994,12.778422,0.3940744,0.29852232,0.1484944,0.15002793,orta-dusuk,Tarim,low_severity,,0.0,DUSUK
MAR_2024_01,MAR_2024_01_002702,40.2541,26.41353,0.0,0.0,0.26498222,0.6280063,12.97122,0.22525436,0.30912042,0.14910705,0.16001336,dusuk,Tarim,low_severity,,0.0,DUSUK
MAR_2024_01,MAR_2024_01_002703,40.25411,26.41647,0.0,0.0,0.17557497,1.6093289,14.405066,0.26680404,0.26570618,0.16862467,0.09708151,dusuk,Tarim,low_severity,,0.0,DUSUK
MAR_2024_01,MAR_2024_01_002704,40.25413,26.41941,0.09123816,0.0,0.12354695,3.6277063,20.425783,0.12778887,0.20841624,0.16533953,0.04307671,dusuk,Tarim,low_severity,,0.0,DUSUK
MAR_2024_01,MAR_2024_01_002724,40.25112,26.28422,1.0,1.0,0.49083832,4.5331426,20.718315,0.29503456,0.43556273,0.14064363,0.2949191,orta-yuksek,Agaclik,predicted,0.2872,0.5165,YUKSEK
MAR_2024_01,MAR_2024_01_002725,40.25113,26.28715,1.0,1.0,0.50612247,4.5247645,24.292316,0.5256568,0.4401507,0.13379064,0.30636007,orta-yuksek,Agaclik,predicted,0.2952,0.5004,YUKSEK
MAR_2024_01,MAR_2024_01_002726,40.25115,26.29009,0.9073576,1.0,0.5116886,4.9683943,37.483418,0.66619325,0.39216226,0.07995248,0.31220978,orta-yuksek,Agaclik,predicted,0.2971,0.4925,ORTA
MAR_2024_01,MAR_2024_01_002727,40.25117,26.29303,0.92208874,1.0,0.55646896,10.653039,62.648396,0.768492,0.42112905,0.081816874,0.33931217,orta-yuksek,Agaclik,predicted,0.328,0.6131,YUKSEK
MAR_2024_01,MAR_2024_01_002728,40.25119,26.29597,1.0,1.0,0.67656386,14.221987,125.04683,0.55114734,0.48819858,0.08184762,0.40635097,yuksek,Agaclik,predicted,0.3814,0.779,COK_YUKSEK
MAR_2024_01,MAR_2024_01_002729,40.25121,26.29891,1.0,1.0,0.6410191,12.397268,158.1791,0.37675828,0.45982778,0.07434252,0.38548526,orta-yuksek,Agaclik,predicted,0.3659,0.7489,YUKSEK
MAR_2024_01,MAR_2024_01_002730,40.25122,26.30185,1.0,1.0,0.6388899,11.165053,188.22792,0.26618555,0.4636888,0.06985528,0.39383352,orta-yuksek,Agaclik,predicted,0.3721,0.7546,COK_YUKSEK
MAR_2024_01,MAR_2024_01_002731,40.25124,26.30479,1.0,1.0,0.57770514,11.666701,223.81584,0.22533976,0.46895579,0.09764576,0.37131003,orta-yuksek,Agaclik,predicted,0.3645,0.7548,COK_YUKSEK
MAR_2024_01,MAR_2024_01_002732,40.25126,26.30773,0.8800857,0.94332796,0.16541523,6.030071,258.56906,0.086034164,0.36681747,0.2665559,0.10026157,dusuk,Agaclik,low_severity,,0.0,DUSUK
MAR_2024_01,MAR_2024_01_002746,40.2515,26.34888,0.23351817,0.3816444,0.11546847,3.5864983,74.31087,0.4435079,0.254682,0.23591173,0.018770278,dusuk,Tarim,low_severity,,0.0,DUSUK
MAR_2024_01,MAR_2024_01_002765,40.2518,26.40473,0.5065196,0.43964204,0.16299939,9.955482,28.868378,0.21819067,0.36496985,0.26413798,0.100831866,dusuk,Tarim,low_severity,,0.0,DUSUK
MAR_2024_01,MAR_2024_01_002766,40.25181,26.40767,0.0,0.0,0.18994139,1.6473641,13.407244,0.41836578,0.25171265,0.19318439,0.05852826,dusuk,Tarim,low_severity,,0.0,DUSUK
MAR_2024_01,MAR_2024_01_002767,40.25183,26.41061,0.0,0.0,0.20872939,0.34036198,11.869897,0.33662117,0.31292915,0.22468323,0.08824593,dusuk,Tarim,low_severity,,0.0,DUSUK
MAR_2024_01,MAR_2024_01_002768,40.25184,26.41355,0.0,0.0,0.27334338,0.31339958,10.997141,0.09358781,0.34541208,0.17179386,0.17361821,orta-dusuk,Tarim,low_severity,,0.0,DUSUK
MAR_2024_01,MAR_2024_01_002769,40.25186,26.41649,0.0,0.0,0.2931989,0.47678322,11.157264,0.17089047,0.3203265,0.14479217,0.17553434,orta-dusuk,Tarim,low_severity,,0.0,DUSUK
MAR_2024_01,MAR_2024_01_002770,40.25187,26.41943,0.0,0.0,0.100376084,2.6592755,14.943598,0.124990754,0.22390479,0.21646236,0.0074424297,dusuk,Tarim,low_severity,,0.0,DUSUK
MAR_2024_01,MAR_2024_01_002771,40.25189,26.42237,0.6065871,0.0,0.10627904,13.13646,25.826834,0.26225436,0.23980877,0.2231318,0.016676962,dusuk,Tarim,low_severity,,0.0,DUSUK
MAR_2024_01,MAR_2024_01_002790,40.24886,26.28424,0.8151674,0.8944433,0.44271964,3.9002218,15.953392,0.25670043,0.36275357,0.09685548,0.2658981,orta-yuksek,Agaclik,predicted,0.2519,0.455,ORTA
MAR_2024_01,MAR_2024_01_002791,40.24888,26.28718,0.93380237,1.0,0.54346,4.929865,26.038313,0.4407817,0.4176306,0.08035764,0.33727297,orta-yuksek,Agaclik,predicted,0.3144,0.548,YUKSEK
MAR_2024_01,MAR_2024_01_002792,40.2489,26.29012,0.8029019,1.0,0.51070046,5.48281,44.317802,0.6690904,0.396886,0.07538081,0.3215052,orta-yuksek,Agaclik,predicted,0.3022,0.5079,YUKSEK
MAR_2024_01,MAR_2024_01_002793,40.24892,26.29306,0.9400403,1.0,0.6078386,8.494367,66.028076,0.60926694,0.44981882,0.07450623,0.3753126,orta-yuksek,Agaclik,predicted,0.3476,0.6329,YUKSEK
MAR_2024_01,MAR_2024_01_002794,40.24894,26.296,1.0,1.0,0.6552025,11.843106,104.511086,0.45408344,0.48305273,0.079943255,0.4031095,orta-yuksek,Agaclik,predicted,0.3758,0.7471,YUKSEK
MAR_2024_01,MAR_2024_01_002795,40.24895,26.29894,1.0,1.0,0.6719699,13.039653,143.71898,0.2106542,0.5016661,0.076139614,0.4255265,yuksek,Agaclik,predicted,0.3969,0.8292,COK_YUKSEK
MAR_2024_01,MAR_2024_01_002796,40.24897,26.30187,1.0,0.9647584,0.57490444,13.879856,200.6582,0.086940356,0.5063083,0.13102992,0.3752784,orta-yuksek,Agaclik,predicted,0.3697,0.8131,COK_YUKSEK
MAR_2024_01,MAR_2024_01_002797,40.24899,26.30481,1.0,0.97439665,0.12229547,7.3861923,240.72844,0.2733964,0.43551868,0.35371798,0.0818007,dusuk,Agaclik,low_severity,,0.0,DUSUK
MAR_2024_01,MAR_2024_01_002812,40.24925,26.3489,0.13300364,0.22337155,0.15376583,3.1328647,70.34767,0.33082023,0.2470913,0.23231956,0.01477173,dusuk,Tarim,low_severity,,0.0,DUSUK
MAR_2024_01,MAR_2024_01_002835,40.24961,26.41651,0.0,0.0,0.27068597,0.36425275,9.722495,0.32381308,0.2023463,0.12239608,0.07995021,orta-dusuk,Tarim,low_severity,,0.0,DUSUK
MAR_2024_01,MAR_2024_01_002836,40.24962,26.41945,0.0,0.0,0.24687815,0.9900018,9.675876,0.37365577,0.2657518,0.15258592,0.113165885,dusuk,Tarim,low_severity,,0.0,DUSUK
MAR_2024_01,MAR_2024_01_002837,40.24964,26.42239,0.4961439,0.10839101,0.17153445,16.079863,14.3567,0.43939736,0.33455557,0.23261356,0.101942,dusuk,Tarim,low_severity,,0.0,DUSUK
MAR_2024_01,MAR_2024_01_002856,40.24661,26.28426,0.68480855,0.6321391,0.35759422,5.262932,18.509995,0.13509437,0.30918193,0.10525252,0.20392941,orta-dusuk,Agaclik,predicted,0.1892,0.389,ORTA
MAR_2024_01,MAR_2024_01_002857,40.24663,26.2872,0.7527908,0.9810992,0.49338812,5.3668194,37.69566,0.3829411,0.3866096,0.07561618,0.31099343,orta-yuksek,Agaclik,predicted,0.2913,0.5244,YUKSEK
MAR_2024_01,MAR_2024_01_002858,40.24665,26.29014,0.63308156,0.775521,0.3913442,12.981704,69.23723,0.50662476,0.3127574,0.08035043,0.23240697,orta-dusuk,Agaclik,predicted,0.2362,0.5319,YUKSEK
MAR_2024_01,MAR_2024_01_002859,40.24667,26.29308,1.0,1.0,0.75262165,16.502054,105.066605,0.36728045,0.5461166,0.0868671,0.4592495,yuksek,Agaclik,predicted,0.4198,0.8974,COK_YUKSEK
MAR_2024_01,MAR_2024_01_002860,40.24668,26.29602,1.0,1.0,0.6680205,18.3706,147.29057,0.37164664,0.5656754,0.15479082,0.41088456,yuksek,Agaclik,predicted,0.3965,0.8868,COK_YUKSEK
MAR_2024_01,MAR_2024_01_002861,40.2467,26.29896,1.0,1.0,0.30513397,12.3464575,185.76595,0.26796192,0.5385225,0.3285122,0.21001029,orta-dusuk,Agaclik,predicted,0.2659,0.6004,YUKSEK
MAR_2024_01,MAR_2024_01_002878,40.24699,26.34893,0.07858973,0.11827309,0.13157329,2.107632,66.928635,0.3836467,0.24651456,0.20665142,0.03986314,dusuk,Tarim,low_severity,,0.0,DUSUK
MAR_2024_01,MAR_2024_01_002903,40.24738,26.42241,0.0,0.0,0.322217,17.398985,7.8969,0.4075199,0.3177303,0.11952475,0.19820556,orta-dusuk,Tarim,low_severity,,0.0,DUSUK
MAR_2024_01,MAR_2024_01_002922,40.24436,26.28429,0.873787,0.95151955,0.5624793,7.610618,22.676897,0.309202,0.42827716,0.08908313,0.33919403,orta-yuksek,Agaclik,predicted,0.3125,0.6008,YUKSEK
MAR_2024_01,MAR_2024_01_002923,40.24438,26.28723,0.9380454,1.0,0.52605116,11.189399,49.29258,0.34679472,0.44025022,0.100687094,0.33956313,orta-yuksek,Agaclik,predicted,0.3339,0.6833,YUKSEK
MAR_2024_01,MAR_2024_01_002924,40.2444,26.29016,1.0,1.0,0.3667316,16.603848,90.80349,0.27788797,0.41508454,0.16410321,0.25098133,orta-dusuk,Agaclik,predicted,0.2975,0.7127,YUKSEK
MAR_2024_01,MAR_2024_01_002925,40.24441,26.2931,0.98475736,1.0,0.39969867,13.370745,153.05356,0.1535697,0.535159,0.2653098,0.26984918,orta-dusuk,Agaclik,predicted,0.3036,0.6906,YUKSEK
MAR_2024_01,MAR_2024_01_002944,40.24474,26.34895,0.23453282,0.087694556,0.1465098,1.9915062,62.289593,0.3337644,0.20308729,0.17855337,0.024533913,dusuk,Tarim,low_severity,,0.0,DUSUK
MAR_2024_01,MAR_2024_01_002967,40.2451,26.41655,0.4090056,0.17450488,0.15835628,4.4268093,17.12772,0.11980132,0.20918377,0.19137278,0.017810985,dusuk,Tarim,low_severity,,0.0,DUSUK
MAR_2024_01,MAR_2024_01_002968,40.24512,26.41949,0.05995864,0.0,0.2000156,1.2235625,8.824822,0.22424331,0.25803366,0.20239332,0.05564034,dusuk,Tarim,low_severity,,0.0,DUSUK
MAR_2024_01,MAR_2024_01_002969,40.24513,26.42243,0.0,0.0,0.2921527,17.610285,7.125267,0.15916447,0.27826208,0.12421517,0.15404691,orta-dusuk,Tarim,low_severity,,0.0,DUSUK
MAR_2024_01,MAR_2024_01_002988,40.24211,26.28431,0.80541176,0.9461984,0.38904554,12.587145,40.836285,0.46177512,0.37934047,0.122046895,0.25729358,orta-dusuk,Agaclik,predicted,0.2764,0.5966,YUKSEK
MAR_2024_01,MAR_2024_01_002989,40.24213,26.28725,0.6839015,0.96389955,0.270657,15.629353,99.10674,0.2125827,0.3469923,0.17240162,0.17459069,orta-dusuk,Agaclik,low_severity,,0.0,DUSUK
MAR_2024_01,MAR_2024_01_003034,40.24286,26.41951,0.28649172,0.10901818,0.19985063,3.7252662,12.933061,0.23986454,0.28734806,0.19197671,0.09537135,dusuk,Tarim,low_severity,,0.0,DUSUK
MAR_2024_01,MAR_2024_01_003035,40.24288,26.42244,0.0,0.0,0.2657336,17.967852,6.5544662,0.09794996,0.32454884,0.15796018,0.16658866,dusuk,Tarim,low_severity,,0.0,DUSUK
MAR_2024_01,MAR_2024_01_003069,40.24012,26.32842,0.462259,0.3190647,0.141795,4.467261,89.93531,0.03292937,0.25295162,0.25227135,0.0006802678,dusuk,Tarim,low_severity,,0.0,DUSUK
MAR_2024_01,MAR_2024_01_003077,40.24025,26.35193,0.29991448,0.15069334,0.11052324,2.555769,54.860332,0.22839826,0.2553308,0.24426503,0.011065766,dusuk,Tarim,low_severity,,0.0,DUSUK
MAR_2024_01,MAR_2024_01_003078,40.24027,26.35487,0.15672024,0.13153332,0.14080527,3.3719394,57.012398,0.34498483,0.21112034,0.19339639,0.017723948,dusuk,Tarim,low_severity,,0.0,DUSUK
MAR_2024_01,MAR_2024_01_003101,40.24063,26.42246,0.05659701,0.04712523,0.21396902,18.632458,9.494715,0.34475362,0.23431014,0.16627282,0.068037316,dusuk,Tarim,low_severity,,0.0,DUSUK
MAR_2024_01,MAR_2024_01_003145,40.23803,26.35783,0.09188452,0.0,0.15932217,3.1049554,54.063713,0.12949401,0.22354746,0.17885613,0.044691324,dusuk,Tarim,low_severity,,0.0,DUSUK
MAR_2024_01,MAR_2024_01_003205,40.23568,26.34022,0.57789665,0.46415165,0.12057546,3.1987967,106.65625,0.7393573,0.22980611,0.23652233,-0.0067162216,dusuk,Tarim,low_severity,,0.0,DUSUK
MAR_2024_01,MAR_2024_01_003208,40.23573,26.34903,0.48459968,0.46867633,0.105294764,5.519973,76.575356,0.4504013,0.23434311,0.24965824,-0.01531513,dusuk,Tarim,low_severity,,0.0,DUSUK
MAR_2024_01,MAR_2024_01_003211,40.23578,26.35785,0.08187041,0.0,0.1233429,1.8627476,45.404865,0.04735471,0.2220107,0.19424416,0.02776654,dusuk,Yerlesim,low_severity,,0.0,DUSUK
MAR_2024_01,MAR_2024_01_003266,40.23335,26.32555,0.020589875,0.0,0.14986311,3.9296288,77.18793,0.19893926,0.20388773,0.14293322,0.06095451,dusuk,Tarim,low_severity,,0.0,DUSUK
MAR_2024_01,MAR_2024_01_003277,40.23353,26.35787,0.2351197,0.07697067,0.16170694,2.9479656,45.641224,0.10155274,0.23656714,0.16455409,0.07201305,dusuk,Tarim,low_severity,,0.0,DUSUK
MAR_2024_01,MAR_2024_01_003278,40.23355,26.36081,0.018316047,0.0,0.16292526,1.2654157,39.60576,0.12688997,0.23334351,0.17966506,0.053678453,dusuk,Tarim,low_severity,,0.0,DUSUK
MAR_2024_01,MAR_2024_01_003279,40.23356,26.36375,0.14530683,0.0,0.13049506,2.1149588,37.77494,0.29581264,0.21424747,0.19381948,0.020427987,dusuk,Tarim,low_severity,,0.0,DUSUK
MAR_2024_01,MAR_2024_01_003280,40.23358,26.36669,0.3131624,0.12970649,0.12409793,4.2678695,39.390995,0.53283125,0.282126,0.22215727,0.05996874,dusuk,Tarim,low_severity,,0.0,DUSUK
MAR_2024_01,MAR_2024_01_003282,40.23361,26.37256,0.5090355,0.46606815,0.10174404,6.1285777,45.55986,0.8225606,0.22466828,0.24366304,-0.018994763,dusuk,Tarim,low_severity,,0.0,DUSUK
MAR_2024_01,MAR_2024_01_003299,40.23387,26.42252,0.8125952,0.7227544,0.10856393,8.43436,50.679813,0.40516758,0.34021318,0.3338501,0.006363094,dusuk,Agaclik,low_severity,,0.0,DUSUK
MAR_2024_01,MAR_2024_01_003332,40.23109,26.32557,0.059974108,0.0,0.12952366,5.3364434,83.25173,0.061554905,0.21422306,0.16705687,0.047166184,dusuk,Tarim,low_severity,,0.0,DUSUK
MAR_2024_01,MAR_2024_01_003344,40.23129,26.36083,0.39241517,0.40659025,0.10889745,5.02792,47.34094,0.37605602,0.30943495,0.26730102,0.042133927,dusuk,Tarim,low_severity,,0.0,DUSUK
MAR_2024_01,MAR_2024_01_003345,40.23131,26.36377,0.15638034,0.124654,0.16142873,3.8044987,39.4888,0.46132654,0.22904733,0.21020064,0.01884669,dusuk,Tarim,low_severity,,0.0,DUSUK
MAR_2024_01,MAR_2024_01_003346,40.23133,26.36671,0.0,0.0,0.19118121,0.94961673,32.70203,0.6397079,0.29135603,0.20523807,0.08611795,dusuk,Tarim,low_severity,,0.0,DUSUK
MAR_2024_01,MAR_2024_01_003347,40.23134,26.36965,0.0,0.0,0.14646427,1.1081222,31.334194,0.56786335,0.20467362,0.19618425,0.00848937,dusuk,Tarim,low_severity,,0.0,DUSUK
MAR_2024_01,MAR_2024_01_003348,40.23136,26.37258,0.24843821,0.27761954,0.20468849,4.2444105,36.397045,0.5785031,0.2237533,0.16298908,0.060764223,dusuk,Tarim,low_severity,,0.0,DUSUK
MAR_2024_01,MAR_2024_01_003396,40.22881,26.31971,0.1989004,0.06115023,0.13716751,2.5215507,60.916004,0.48932803,0.22728401,0.20042834,0.026855677,dusuk,Tarim,low_severity,,0.0,DUSUK
MAR_2024_01,MAR_2024_01_003399,40.22886,26.32853,0.029271215,0.0,0.15063183,4.4333324,80.05773,0.20104909,0.20121258,0.16855118,0.03266141,dusuk,Tarim,low_severity,,0.0,DUSUK
MAR_2024_01,MAR_2024_01_003412,40.22907,26.36673,0.0,0.0,0.17685455,1.6503028,30.802286,0.46725965,0.23482132,0.18517588,0.04964544,dusuk,Tarim,low_severity,,0.0,DUSUK
MAR_2024_01,MAR_2024_01_003413,40.22909,26.36967,0.0,0.0,0.168145,0.7566109,28.225082,0.32485166,0.2617737,0.17858249,0.083191216,dusuk,Tarim,low_severity,,0.0,DUSUK
MAR_2024_01,MAR_2024_01_003414,40.22911,26.37261,0.0,0.0,0.2382856,1.3561924,27.316147,0.34311172,0.3415312,0.17479183,0.16673936,dusuk,Tarim,low_severity,,0.0,DUSUK
MAR_2024_01,MAR_2024_01_003415,40.22912,26.37554,0.4637645,0.27128476,0.12508577,5.4189863,36.11943,0.5048987,0.23949903,0.17263392,0.06686512,dusuk,Tarim,low_severity,,0.0,DUSUK
MAR_2024_01,MAR_2024_01_003461,40.22654,26.3168,0.45622143,0.37762985,0.101764694,2.601216,60.339714,0.4877646,0.25299913,0.24693814,0.0060609877,dusuk,Tarim,low_severity,,0.0,DUSUK
MAR_2024_01,MAR_2024_01_003462,40.22656,26.31974,0.079372026,0.04263092,0.14910439,2.515178,57.796654,0.50474477,0.20928058,0.1679084,0.04137218,dusuk,Tarim,low_severity,,0.0,DUSUK
MAR_2024_01,MAR_2024_01_003465,40.22661,26.32855,0.40536234,0.1711779,0.11885182,3.890383,77.3065,0.41825,0.24187198,0.2115474,0.030324578,dusuk,Tarim,low_severity,,0.0,DUSUK
MAR_2024_01,MAR_2024_01_003475,40.22677,26.35793,0.26293117,0.23160619,0.12887186,4.056438,86.02427,0.83250993,0.28404295,0.24475938,0.039283574,dusuk,Tarim,low_severity,,0.0,DUSUK
MAR_2024_01,MAR_2024_01_003479,40.22684,26.36969,0.0,0.0,0.19476731,1.8084387,27.011606,0.116569474,0.30925637,0.21808046,0.091175914,dusuk,Tarim,low_severity,,0.0,DUSUK
MAR_2024_01,MAR_2024_01_003480,40.22685,26.37263,0.0,0.0,0.19474177,0.807346,23.964666,0.1605786,0.3007274,0.18639167,0.11433573,dusuk,Tarim,low_severity,,0.0,DUSUK
MAR_2024_01,MAR_2024_01_003481,40.22687,26.37556,0.03295754,0.01870674,0.21867585,1.8180509,23.989027,0.40371096,0.35724097,0.19324103,0.16399994,dusuk,Tarim,low_severity,,0.0,DUSUK
MAR_2024_01,MAR_2024_01_003482,40.22689,26.3785,0.25660896,0.061956104,0.16527784,5.574894,34.127724,0.65205795,0.267234,0.19887745,0.068356544,dusuk,Tarim,low_severity,,0.0,DUSUK
MAR_2024_01,MAR_2024_01_003527,40.22429,26.31682,0.3543718,0.23252527,0.12604582,1.5947189,53.168777,0.24666154,0.22720623,0.2191723,0.008033931,dusuk,Tarim,low_severity,,0.0,DUSUK
MAR_2024_01,MAR_2024_01_003542,40.22454,26.36089,0.573271,0.26806656,0.13615713,7.2233996,52.390285,0.52738774,0.22071695,0.21950583,0.0012111217,dusuk,Tarim,low_severity,,0.0,DUSUK
MAR_2024_01,MAR_2024_01_003547,40.22462,26.37559,0.0,0.0,0.21977094,0.7512164,19.931606,0.44276673,0.32606816,0.18190926,0.1441589,dusuk,Tarim,low_severity,,0.0,DUSUK
MAR_2024_01,MAR_2024_01_003548,40.22463,26.37852,0.0,0.0,0.21333261,2.9763048,22.656126,0.6769338,0.27288806,0.16964197,0.10324609,dusuk,Tarim,low_severity,,0.0,DUSUK
MAR_2024_01,MAR_2024_01_003563,40.22486,26.4226,0.22142047,0.28561896,0.10748029,8.750729,82.768524,0.7590285,0.2868641,0.26332948,0.023534626,dusuk,Tarim,low_severity,,0.0,DUSUK
MAR_2024_01,MAR_2024_01_003592,40.22202,26.3139,0.08924396,0.14023001,0.113256335,1.9577998,51.45298,0.34193057,0.21835765,0.19929624,0.019061416,dusuk,Tarim,low_severity,,0.0,DUSUK
MAR_2024_01,MAR_2024_01_003593,40.22203,26.31684,0.052847296,0.0,0.109774284,1.1397115,48.657585,0.093645774,0.213197,0.17751479,0.0356822,dusuk,Tarim,low_severity,,0.0,DUSUK
MAR_2024_01,MAR_2024_01_003599,40.22214,26.33447,0.1012049,0.14036836,0.15046552,2.2932074,87.61355,0.72848195,0.24784192,0.16976109,0.07808083,dusuk,Tarim,low_severity,,0.0,DUSUK
MAR_2024_01,MAR_2024_01_003603,40.2222,26.34622,0.35827026,0.24477032,0.118429236,5.8044457,80.38102,1.2443608,0.2232662,0.22878245,-0.005516246,dusuk,Tarim,low_severity,,0.0,DUSUK
MAR_2024_01,MAR_2024_01_003610,40.22232,26.36679,0.20884052,0.11415677,0.13407192,5.401746,39.973076,0.475489,0.26738724,0.19463238,0.07275486,dusuk,Tarim,low_severity,,0.0,DUSUK
MAR_2024_01,MAR_2024_01_003611,40.22233,26.36973,0.059183788,0.0,0.14332682,2.870543,27.949173,0.45244682,0.22793563,0.17487383,0.0530618,dusuk,Tarim,low_severity,,0.0,DUSUK
MAR_2024_01,MAR_2024_01_003612,40.22235,26.37267,0.0,0.0,0.1912357,1.2733737,20.409275,0.4657308,0.20987502,0.17168252,0.038192496,dusuk,Tarim,low_severity,,0.0,DUSUK
MAR_2024_01,MAR_2024_01_003613,40.22237,26.37561,0.0,0.0,0.3209061,0.69218653,17.475643,0.5950649,0.354693,0.13476807,0.21992493,orta-dusuk,Tarim,predicted,0.1239,0.1589,DUSUK
MAR_2024_01,MAR_2024_01_003614,40.22238,26.37854,0.0,0.0,0.32541353,1.7511635,17.417038,0.76981544,0.39231634,0.13994898,0.25236738,orta-dusuk,Tarim,predicted,0.1543,0.2017,DUSUK
MAR_2024_01,MAR_2024_01_003626,40.22257,26.4138,0.6997562,0.49822232,0.12550148,9.257548,82.39143,0.21439077,0.2159254,0.22708052,-0.0111551285,dusuk,Agaclik,low_severity,,0.0,DUSUK
MAR_2024_01,MAR_2024_01_003658,40.21976,26.31393,0.05353544,0.013057716,0.14848499,2.0324109,45.590088,0.43571106,0.22329469,0.1629757,0.06031899,dusuk,Tarim,low_severity,,0.0,DUSUK
MAR_2024_01,MAR_2024_01_003659,40.21978,26.31687,0.28857434,0.0,0.13296941,1.2084129,43.90486,0.28582713,0.24332783,0.1995236,0.04380423,dusuk,Tarim,low_severity,,0.0,DUSUK
MAR_2024_01,MAR_2024_01_003675,40.22005,26.36387,0.0,0.035043564,0.13314278,4.182991,57.827984,0.14468983,0.22745293,0.18615739,0.041295543,dusuk,Tarim,low_severity,,0.0,DUSUK
MAR_2024_01,MAR_2024_01_003677,40.22008,26.36975,0.0872449,0.0,0.16660665,3.5719328,37.68802,0.643951,0.21882534,0.17175892,0.04706642,dusuk,Tarim,low_severity,,0.0,DUSUK
MAR_2024_01,MAR_2024_01_003678,40.2201,26.37269,0.2510099,0.060844965,0.17636748,3.5914807,22.870684,0.70708203,0.25153577,0.14737141,0.10416436,dusuk,Tarim,low_severity,,0.0,DUSUK
MAR_2024_01,MAR_2024_01_003679,40.22011,26.37563,0.07164934,0.0,0.24065897,1.2853817,15.985976,0.6487346,0.24316865,0.15675387,0.086414784,dusuk,Tarim,low_severity,,0.0,DUSUK
MAR_2024_01,MAR_2024_01_003680,40.22013,26.37856,0.11864731,0.0,0.14314425,1.0510784,14.054452,0.527796,0.44451484,0.34413046,0.100384384,dusuk,Tarim,low_severity,,0.0,DUSUK
MAR_2024_01,MAR_2024_01_003723,40.21749,26.31101,0.057843905,0.098979086,0.14800555,4.239383,47.866665,0.78798395,0.2500197,0.14327803,0.10674167,dusuk,Tarim,low_severity,,0.0,DUSUK
MAR_2024_01,MAR_2024_01_003724,40.21751,26.31395,0.0043153297,0.0,0.16021994,1.3559496,40.496933,0.6227132,0.21678895,0.11078,0.10600895,dusuk,Tarim,low_severity,,0.0,DUSUK
MAR_2024_01,MAR_2024_01_003725,40.21753,26.31689,0.20787466,0.0,0.15133809,1.7442553,41.055065,0.5287956,0.2595743,0.1794649,0.08010939,dusuk,Tarim,low_severity,,0.0,DUSUK
MAR_2024_01,MAR_2024_01_003729,40.2176,26.32864,0.34476343,0.21486485,0.109108955,3.6304154,74.43631,0.5416494,0.22245611,0.22885948,-0.0064033717,dusuk,Tarim,low_severity,,0.0,DUSUK
MAR_2024_01,MAR_2024_01_003731,40.21763,26.33452,0.19069208,0.16804624,0.10628012,3.5670526,78.50854,0.22860022,0.2376819,0.22200018,0.015681714,dusuk,Tarim,low_severity,,0.0,DUSUK
MAR_2024_01,MAR_2024_01_003740,40.21778,26.36096,0.25216824,0.11237691,0.1062312,4.109568,69.0942,0.25647712,0.20885995,0.18042424,0.028435707,dusuk,Tarim,low_severity,,0.0,DUSUK
MAR_2024_01,MAR_2024_01_003743,40.21783,26.36977,0.31012872,0.25982517,0.116284505,5.2559447,41.63253,0.6847533,0.24535984,0.22438806,0.020971775,dusuk,Tarim,low_severity,,0.0,DUSUK
MAR_2024_01,MAR_2024_01_003745,40.21786,26.37565,0.19681434,0.1377319,0.124270126,3.4091403,18.5968,0.4814659,0.24590135,0.18206996,0.06383139,dusuk,Tarim,low_severity,,0.0,DUSUK
MAR_2024_01,MAR_2024_01_003746,40.21788,26.37859,0.061859716,0.0,0.14594552,0.85284716,11.815507,0.2992012,0.22487453,0.21352394,0.011350587,dusuk,Tarim,low_severity,,0.0,DUSUK
MAR_2024_01,MAR_2024_01_003786,40.21519,26.30222,0.45172864,0.5537798,0.101761445,2.9396846,51.28017,1.002953,0.24455917,0.26279813,-0.018238962,dusuk,Agaclik,low_severity,,0.0,DUSUK
MAR_2024_01,MAR_2024_01_003789,40.21524,26.31104,0.16385686,0.23915376,0.14579439,3.02664,39.967022,0.7846133,0.27481997,0.20680873,0.06801124,dusuk,Tarim,low_severity,,0.0,DUSUK
MAR_2024_01,MAR_2024_01_003790,40.21526,26.31397,0.0,0.0,0.15518954,0.74391353,36.709755,0.60238546,0.26205236,0.14455763,0.11749473,dusuk,Tarim,low_severity,,0.0,DUSUK
MAR_2024_01,MAR_2024_01_003791,40.21528,26.31691,0.0053326567,0.0,0.14962365,1.7551949,39.207504,0.48489004,0.21375352,0.15634969,0.057403833,dusuk,Tarim,low_severity,,0.0,DUSUK
MAR_2024_01,MAR_2024_01_003792,40.21529,26.31985,0.19184488,0.0,0.11840322,3.1428761,48.359222,0.48204616,0.21022874,0.19535977,0.014868975,dusuk,Tarim,low_severity,,0.0,DUSUK
MAR_2024_01,MAR_2024_01_003793,40.21531,26.32279,0.29795122,0.058118686,0.13257605,3.774428,49.067528,0.5954986,0.21557754,0.19708705,0.018490493,dusuk,Tarim,low_severity,,0.0,DUSUK
MAR_2024_01,MAR_2024_01_003806,40.21553,26.36098,0.0,0.0,0.14646414,4.2098203,55.38306,0.49496943,0.23179424,0.17145348,0.060340762,dusuk,Tarim,low_severity,,0.0,DUSUK
MAR_2024_01,MAR_2024_01_003808,40.21556,26.36685,0.1570425,0.20328276,0.1434436,3.6325538,64.67273,0.62348413,0.20838886,0.18472311,0.023665756,dusuk,Tarim,low_severity,,0.0,DUSUK
MAR_2024_01,MAR_2024_01_003812,40.21562,26.37861,0.034646947,0.00945432,0.21271093,3.2455254,12.493466,0.15960614,0.24651346,0.16940117,0.07711229,dusuk,Tarim,low_severity,,0.0,DUSUK
MAR_2024_01,MAR_2024_01_003813,40.21564,26.38154,0.017805828,0.00011046409,0.109971344,1.021386,7.8967934,0.09047679,0.282474,0.24037048,0.04210353,dusuk,Tarim,low_severity,,0.0,DUSUK
MAR_2024_01,MAR_2024_01_003814,40.21566,26.38448,0.5613874,0.33461013,0.12031172,6.9097114,13.252967,0.2902836,0.34312087,0.27986985,0.06325102,dusuk,Agaclik,low_severity,,0.0,DUSUK
MAR_2024_01,MAR_2024_01_003845,40.21281,26.28168,0.3126138,0.427049,0.14099188,4.8263993,21.301527,0.33109373,0.23037314,0.23931497,-0.008941829,dusuk,Agaclik,low_severity,,0.0,DUSUK
MAR_2024_01,MAR_2024_01_003852,40.21294,26.30224,0.35715276,0.20412406,0.121517144,3.0967414,49.241505,0.75937754,0.21172372,0.19408272,0.017640993,dusuk,Tarim,low_severity,,0.0,DUSUK
MAR_2024_01,MAR_2024_01_003854,40.21297,26.30812,0.13777062,0.1904929,0.11902077,5.387898,42.152294,0.6645694,0.300773,0.21098533,0.08978766,dusuk,Tarim,low_severity,,0.0,DUSUK
MAR_2024_01,MAR_2024_01_003855,40.21299,26.31106,0.0060261074,0.0005823179,0.15323633,1.5404803,32.641354,0.6667972,0.34032822,0.21571516,0.12461306,dusuk,Tarim,low_severity,,0.0,DUSUK
MAR_2024_01,MAR_2024_01_003856,40.21301,26.314,0.0,0.0,0.122464016,0.86735165,33.82286,0.43802816,0.2434412,0.19654638,0.04689482,dusuk,Tarim,low_severity,,0.0,DUSUK
MAR_2024_01,MAR_2024_01_003859,40.21306,26.32281,0.43612778,0.1275658,0.100792915,4.5487595,52.149094,0.42850795,0.24247357,0.19661,0.04586357,dusuk,Tarim,low_severity,,0.0,DUSUK
MAR_2024_01,MAR_2024_01_003865,40.21316,26.34044,0.09894701,0.0003441678,0.1359525,3.127887,20.881958,0.3756706,0.25478482,0.20079535,0.05398947,dusuk,Tarim,low_severity,,0.0,DUSUK
MAR_2024_01,MAR_2024_01_003869,40.21323,26.35219,0.0,0.0,0.11291831,5.7141933,30.33598,0.82025445,0.21158934,0.1827233,0.028866038,dusuk,Tarim,low_severity,,0.0,DUSUK
MAR_2024_01,MAR_2024_01_003872,40.21328,26.361,0.24478348,0.04870676,0.109315895,6.5831795,51.675503,0.70428115,0.27629703,0.20619678,0.07010025,dusuk,Tarim,low_severity,,0.0,DUSUK
MAR_2024_01,MAR_2024_01_003875,40.21332,26.36981,0.3581435,0.4603161,0.11425266,6.089683,65.961426,0.60038304,0.2484957,0.257819,-0.009323299,dusuk,Tarim,low_severity,,0.0,DUSUK
MAR_2024_01,MAR_2024_01_003879,40.21339,26.38156,0.1951151,0.06968381,0.13987713,4.295495,9.2591715,0.26294264,0.26625627,0.19806293,0.068193346,dusuk,Tarim,low_severity,,0.0,DUSUK
MAR_2024_01,MAR_2024_01_003880,40.2134,26.3845,0.0,0.0,0.2300414,0.618296,4.076244,0.15701777,0.3041693,0.18921736,0.11495194,dusuk,Tarim,low_severity,,0.0,DUSUK
MAR_2024_01,MAR_2024_01_003917,40.21067,26.29933,0.124830954,0.0,0.10719661,2.0674543,38.241463,0.6581261,0.20816316,0.18878111,0.019382045,dusuk,Tarim,low_severity,,0.0,DUSUK
MAR_2024_01,MAR_2024_01_003919,40.2107,26.30521,0.11969279,0.0823789,0.12373288,4.492309,42.821198,0.48647472,0.22615892,0.22340026,0.002758652,dusuk,Tarim,low_severity,,0.0,DUSUK
MAR_2024_01,MAR_2024_01_003921,40.21074,26.31108,0.0,0.0,0.10206,0.7373045,28.885881,0.48139575,0.27749425,0.2110419,0.066452354,dusuk,Tarim,low_severity,,0.0,DUSUK
MAR_2024_01,MAR_2024_01_003930,40.21089,26.33752,0.15672861,0.15660088,0.13156095,3.3425567,14.576236,0.48612982,0.2288792,0.20182578,0.027053416,dusuk,Tarim,low_severity,,0.0,DUSUK
MAR_2024_01,MAR_2024_01_003931,40.21091,26.34046,0.066311896,0.0,0.1135768,1.9671599,13.540485,0.23821092,0.24106365,0.20186034,0.039203316,dusuk,Tarim,low_severity,,0.0,DUSUK
MAR_2024_01,MAR_2024_01_003932,40.21093,26.34339,0.09793587,0.0,0.17862807,4.545492,13.853721,0.046547595,0.24413678,0.14968869,0.09444809,dusuk,Tarim,low_severity,,0.0,DUSUK
MAR_2024_01,MAR_2024_01_003933,40.21094,26.34633,0.0,0.0,0.21475926,3.4604344,9.651301,0.2694233,0.21456353,0.12628946,0.08827408,dusuk,Tarim,low_severity,,0.0,DUSUK
MAR_2024_01,MAR_2024_01_003935,40.21098,26.35221,0.14326957,0.0,0.11532738,5.070284,16.92128,0.6888092,0.20363274,0.17103952,0.03259322,dusuk,Tarim,low_severity,,0.0,DUSUK
MAR_2024_01,MAR_2024_01_003937,40.21101,26.35808,0.097804315,0.0,0.10234483,6.4825583,24.636986,0.62196994,0.2586016,0.20814146,0.050460145,dusuk,Tarim,low_severity,,0.0,DUSUK
MAR_2024_01,MAR_2024_01_003939,40.21104,26.36396,0.17208786,0.006171758,0.16777502,4.483559,84.70709,0.42602575,0.22524415,0.14402024,0.081223905,dusuk,Tarim,low_severity,,0.0,DUSUK
MAR_2024_01,MAR_2024_01_003940,40.21106,26.3669,0.3752755,0.33846256,0.14858732,6.2627034,86.64753,0.41058883,0.20799959,0.19886604,0.009133548,dusuk,Tarim,low_severity,,0.0,DUSUK
MAR_2024_01,MAR_2024_01_003945,40.21114,26.38158,0.32813185,0.24650109,0.21952783,7.018204,9.584977,0.08814145,0.34904075,0.22044067,0.12860008,dusuk,Tarim,low_severity,,0.0,DUSUK
MAR_2024_01,MAR_2024_01_003946,40.21115,26.38452,0.0,0.0,0.21006118,0.5444939,2.2935014,0.0089287115,0.24817306,0.13250236,0.115670696,dusuk,Tarim,low_severity,,0.0,DUSUK
MAR_2024_01,MAR_2024_01_003981,40.20838,26.29348,0.034520146,0.0,0.11678397,3.2337463,39.22082,0.6871623,0.20853463,0.15291601,0.055618614,dusuk,Tarim,low_severity,,0.0,DUSUK
MAR_2024_01,MAR_2024_01_003982,40.2084,26.29642,0.0,0.0,0.12043558,2.2994332,35.180027,0.61547005,0.2033293,0.1483888,0.054940492,dusuk,Tarim,low_severity,,0.0,DUSUK
MAR_2024_01,MAR_2024_01_003985,40.20845,26.30523,0.06003257,0.0,0.12775905,2.946025,32.53981,0.23957716,0.21033168,0.13069236,0.079639316,dusuk,Tarim,low_severity,,0.0,DUSUK
MAR_2024_01,MAR_2024_01_003986,40.20847,26.30817,0.0,0.0,0.26451954,0.92062825,25.790417,0.16463295,0.32381105,0.1372551,0.18655595,dusuk,Tarim,low_severity,,0.0,DUSUK
MAR_2024_01,MAR_2024_01_003987,40.20849,26.3111,0.093116194,0.0,0.17935026,0.6861519,26.236185,0.29490274,0.35990822,0.2514248,0.10848343,dusuk,Tarim,low_severity,,0.0,DUSUK
MAR_2024_01,MAR_2024_01_003989,40.20852,26.31698,0.0,0.0,0.10752338,1.5313251,30.154945,0.23800698,0.20002943,0.16802411,0.032005325,dusuk,Tarim,low_severity,,0.0,DUSUK
MAR_2024_01,MAR_2024_01_003992,40.20857,26.32579,0.2056164,0.18426545,0.11484653,4.5083733,25.83275,0.2554247,0.23899263,0.21830478,0.020687848,dusuk,Tarim,low_severity,,0.0,DUSUK
MAR_2024_01,MAR_2024_01_003994,40.20861,26.33167,0.0025589587,0.0,0.16746385,1.7753406,14.208062,0.24662666,0.28849757,0.18163873,0.106858835,dusuk,Tarim,low_severity,,0.0,DUSUK
MAR_2024_01,MAR_2024_01_003995,40.20862,26.3346,0.0,0.0,0.20709422,1.77365,11.358152,0.49610096,0.33306095,0.16288543,0.17017552,dusuk,Tarim,low_severity,,0.0,DUSUK
MAR_2024_01,MAR_2024_01_003996,40.20864,26.33754,0.0,0.0,0.21740271,0.5807624,9.024931,0.52624923,0.30442965,0.14515713,0.15927252,dusuk,Tarim,low_severity,,0.0,DUSUK
MAR_2024_01,MAR_2024_01_003997,40.20866,26.34048,0.0013958125,0.0,0.14218676,0.7297091,8.196443,0.3120264,0.27993667,0.1881423,0.09179437,dusuk,Tarim,low_severity,,0.0,DUSUK
MAR_2024_01,MAR_2024_01_003998,40.20867,26.34342,0.016038917,0.0,0.18058653,0.55628365,6.652664,0.20683983,0.3696888,0.2402322,0.12945661,dusuk,Tarim,low_severity,,0.0,DUSUK
MAR_2024_01,MAR_2024_01_003999,40.20869,26.34635,0.0,0.0,0.3573573,0.43278322,5.0299826,0.33645943,0.40608886,0.10692184,0.29916704,orta-dusuk,Tarim,predicted,0.1866,0.2887,ORTA
MAR_2024_01,MAR_2024_01_004000,40.20871,26.34929,0.0,0.0,0.10341354,0.5010414,4.203868,0.55554223,0.26283696,0.24379438,0.019042581,dusuk,Tarim,low_severity,,0.0,DUSUK
MAR_2024_01,MAR_2024_01_004001,40.20872,26.35223,0.0,0.0,0.196673,1.1762092,3.990447,0.46345887,0.24750714,0.14507587,0.10243127,dusuk,Tarim,low_severity,,0.0,DUSUK
MAR_2024_01,MAR_2024_01_004002,40.20874,26.35517,0.0,0.0,0.21224305,1.3273913,4.631682,0.39438137,0.33353603,0.17281742,0.1607186,dusuk,Tarim,low_severity,,0.0,DUSUK
MAR_2024_01,MAR_2024_01_004003,40.20876,26.3581,0.0,0.0,0.17683294,6.3006473,12.876194,0.43730175,0.26785916,0.1442652,0.123593956,dusuk,Tarim,low_severity,,0.0,DUSUK
MAR_2024_01,MAR_2024_01_004046,40.20611,26.29056,0.014506944,0.03540947,0.1355918,2.0502644,29.6555,0.5243355,0.21231905,0.15247339,0.059845656,dusuk,Tarim,low_severity,,0.0,DUSUK
MAR_2024_01,MAR_2024_01_004047,40.20613,26.2935,0.0,0.0,0.13350272,1.8326843,28.157053,0.43787506,0.22963399,0.12053533,0.10909866,dusuk,Tarim,low_severity,,0.0,DUSUK
MAR_2024_01,MAR_2024_01_004048,40.20614,26.29644,0.10165758,0.0,0.14809567,1.19943,28.992973,0.39560533,0.21403849,0.118712455,0.095326036,dusuk,Tarim,low_severity,,0.0,DUSUK
MAR_2024_01,MAR_2024_01_004049,40.20616,26.29938,0.22411448,0.0,0.18307453,0.83980584,28.047237,0.32004339,0.23189169,0.16838735,0.06350434,dusuk,Tarim,low_severity,,0.0,DUSUK
MAR_2024_01,MAR_2024_01_004051,40.2062,26.30525,0.0,0.0,0.13118252,2.1355476,26.65588,0.056006867,0.2195754,0.123299964,0.09627544,dusuk,Tarim,low_severity,,0.0,DUSUK
MAR_2024_01,MAR_2024_01_004052,40.20622,26.30819,0.0,0.0,0.15003683,0.6423942,23.336943,0.08561404,0.3122868,0.19032577,0.12196103,dusuk,Tarim,low_severity,,0.0,DUSUK
MAR_2024_01,MAR_2024_01_004058,40.20632,26.32581,0.0,0.0,0.15274951,0.8929623,17.06232,0.34118754,0.31749362,0.21087024,0.10662338,dusuk,Tarim,low_severity,,0.0,DUSUK
MAR_2024_01,MAR_2024_01_004059,40.20634,26.32875,0.3599734,0.0,0.12261967,0.67940277,14.142204,0.22737724,0.26879686,0.23672786,0.032068998,dusuk,Tarim,low_severity,,0.0,DUSUK
MAR_2024_01,MAR_2024_01_004060,40.20635,26.33169,0.0,0.0,0.24262282,0.4813358,11.69692,0.33465186,0.36649755,0.18050368,0.18599387,dusuk,Tarim,low_severity,,0.0,DUSUK
MAR_2024_01,MAR_2024_01_004061,40.20637,26.33463,0.0,0.0,0.23381692,0.45465073,9.913483,0.54523695,0.29129457,0.12002574,0.17126884,dusuk,Tarim,low_severity,,0.0,DUSUK
MAR_2024_01,MAR_2024_01_004062,40.20639,26.33756,0.0,0.0,0.20117089,0.28060937,8.327971,0.66524756,0.34768623,0.17300609,0.17468014,dusuk,Tarim,low_severity,,0.0,DUSUK
MAR_2024_01,MAR_2024_01_004063,40.2064,26.3405,0.0,0.0,0.15979594,0.3184632,7.093155,0.5128124,0.2873847,0.17503381,0.11235088,dusuk,Tarim,low_severity,,0.0,DUSUK
MAR_2024_01,MAR_2024_01_004064,40.20642,26.34344,0.0,0.0,0.13135123,0.3491665,5.954745,0.45650712,0.25384873,0.18220398,0.07164475,dusuk,Tarim,low_severity,,0.0,DUSUK
MAR_2024_01,MAR_2024_01_004065,40.20644,26.34638,0.0,0.0,0.22807132,0.63485765,5.0684795,0.52803504,0.28483066,0.14425743,0.14057323,dusuk,Tarim,low_severity,,0.0,DUSUK
MAR_2024_01,MAR_2024_01_004066,40.20645,26.34931,0.0,0.0,0.19554143,1.3286903,4.2024727,0.5141863,0.2952773,0.15352184,0.14175546,dusuk,Tarim,low_severity,,0.0,DUSUK
MAR_2024_01,MAR_2024_01_004067,40.20647,26.35225,0.0,0.0,0.17486982,0.49882388,2.7132626,0.2830726,0.24834394,0.16174343,0.08660051,dusuk,Tarim,low_severity,,0.0,DUSUK
MAR_2024_01,MAR_2024_01_004068,40.20649,26.35519,0.0,0.0,0.18964581,0.38857087,2.1480625,0.14447369,0.2841692,0.1602833,0.1238859,dusuk,Tarim,low_severity,,0.0,DUSUK
MAR_2024_01,MAR_2024_01_004069,40.2065,26.35813,0.0,0.0,0.22110775,1.1063229,1.8673415,0.23495527,0.3222966,0.15573558,0.16656101,dusuk,Tarim,low_severity,,0.0,DUSUK
MAR_2024_01,MAR_2024_01_004070,40.20652,26.36106,0.38999507,0.08493102,0.1020167,7.4831605,11.160217,0.21907288,0.2166206,0.19883531,0.017785281,dusuk,Tarim,low_severity,,0.0,DUSUK
MAR_2024_01,MAR_2024_01_004113,40.20387,26.29353,0.0,0.0,0.13491787,0.98848844,22.650364,0.19046563,0.23908985,0.14501074,0.09407911,dusuk,Tarim,low_severity,,0.0,DUSUK
MAR_2024_01,MAR_2024_01_004114,40.20389,26.29646,0.07445085,0.0,0.14913386,1.2640116,23.489693,0.2371624,0.20754233,0.13662875,0.07091358,dusuk,Tarim,low_severity,,0.0,DUSUK
MAR_2024_01,MAR_2024_01_004115,40.20391,26.2994,0.05999871,0.0,0.17763928,0.9775887,24.816587,0.071609855,0.2166967,0.15611616,0.060580537,dusuk,Tarim,low_severity,,0.0,DUSUK
MAR_2024_01,MAR_2024_01_004116,40.20393,26.30234,0.0,0.0,0.17762396,0.7699424,23.829136,0.27577558,0.2026293,0.15541574,0.047213554,dusuk,Tarim,low_severity,,0.0,DUSUK
MAR_2024_01,MAR_2024_01_004117,40.20395,26.30527,0.0,0.0,0.17785858,0.5670032,21.769743,0.271802,0.25664723,0.11081594,0.14583129,dusuk,Tarim,low_severity,,0.0,DUSUK
MAR_2024_01,MAR_2024_01_004118,40.20396,26.30821,0.0,0.0,0.17592217,0.43741578,21.200085,0.33549294,0.30414593,0.20527796,0.09886797,dusuk,Tarim,low_severity,,0.0,DUSUK
MAR_2024_01,MAR_2024_01_004119,40.20398,26.31115,0.0,0.0,0.112476856,0.5779629,21.342619,0.24770734,0.29296297,0.267196,0.025766969,dusuk,Tarim,low_severity,,0.0,DUSUK
MAR_2024_01,MAR_2024_01_004120,40.204,26.31409,0.059998117,0.0,0.17525317,0.78966254,22.134428,0.20952511,0.3140161,0.19284503,0.12117107,dusuk,Tarim,low_severity,,0.0,DUSUK
MAR_2024_01,MAR_2024_01_004123,40.20405,26.3229,0.0,0.0,0.20210487,0.7290754,19.482517,0.35606614,0.25571084,0.12585786,0.12985298,dusuk,Tarim,low_severity,,0.0,DUSUK
MAR_2024_01,MAR_2024_01_004124,40.20407,26.32584,0.0,0.0,0.24986306,0.77776045,16.17769,0.54090303,0.23297912,0.11286396,0.12011516,dusuk,Tarim,low_severity,,0.0,DUSUK
MAR_2024_01,MAR_2024_01_004127,40.20412,26.33465,0.0,0.0,0.18557657,0.33520168,10.209613,0.6880774,0.3399874,0.1727995,0.1671879,dusuk,Tarim,low_severity,,0.0,DUSUK
MAR_2024_01,MAR_2024_01_004128,40.20414,26.33759,0.0,0.0,0.14339393,0.56906486,8.877075,0.8562536,0.25597078,0.20799398,0.04797679,dusuk,Tarim,low_severity,,0.0,DUSUK
MAR_2024_01,MAR_2024_01_004129,40.20415,26.34052,0.0,0.0,0.14899473,1.1664509,8.057489,0.7147637,0.22318372,0.16717762,0.056006104,dusuk,Tarim,low_severity,,0.0,DUSUK
MAR_2024_01,MAR_2024_01_004130,40.20417,26.34346,0.0,0.0,0.14737467,1.1768452,8.321357,0.63248706,0.23977453,0.1639432,0.075831324,dusuk,Tarim,low_severity,,0.0,DUSUK
MAR_2024_01,MAR_2024_01_004131,40.20419,26.3464,0.01888541,0.0,0.1061498,3.1739187,11.31089,0.64357793,0.25202623,0.23096123,0.021064997,dusuk,Tarim,low_severity,,0.0,DUSUK
MAR_2024_01,MAR_2024_01_004132,40.2042,26.34933,0.27541432,0.0,0.14462253,5.317964,19.405468,0.50470144,0.23895888,0.19034919,0.04860969,dusuk,Tarim,low_severity,,0.0,DUSUK
MAR_2024_01,MAR_2024_01_004133,40.20422,26.35227,0.0,0.0,0.1530663,4.0590787,9.116872,0.25865847,0.22821242,0.1707893,0.057423115,dusuk,Tarim,low_severity,,0.0,DUSUK
MAR_2024_01,MAR_2024_01_004179,40.20162,26.29355,0.10029141,0.0,0.12321672,0.6577397,19.102728,0.076287195,0.27962443,0.23082137,0.04880306,dusuk,Tarim,low_severity,,0.0,DUSUK
MAR_2024_01,MAR_2024_01_004180,40.20164,26.29649,0.0,0.0,0.18253972,0.55303717,19.85862,0.12497084,0.26995766,0.1503802,0.11957747,dusuk,Tarim,low_severity,,0.0,DUSUK
MAR_2024_01,MAR_2024_01_004181,40.20166,26.29942,0.0,0.0,0.21287864,0.61024505,21.098047,0.18118547,0.26221377,0.14044964,0.12176412,dusuk,Tarim,low_severity,,0.0,DUSUK
MAR_2024_01,MAR_2024_01_004183,40.20169,26.3053,0.0,0.0,0.1894854,0.3759496,21.111631,0.5192455,0.28774947,0.14796685,0.13978262,dusuk,Tarim,low_severity,,0.0,DUSUK
MAR_2024_01,MAR_2024_01_004184,40.20171,26.30823,0.0,0.0,0.18650788,0.19857155,20.090752,0.58547527,0.21173747,0.16330713,0.04843034,dusuk,Tarim,low_severity,,0.0,DUSUK
MAR_2024_01,MAR_2024_01_004186,40.20175,26.31411,0.0,0.0,0.19953454,0.2856539,19.738235,0.4379779,0.24763703,0.14923199,0.09840505,dusuk,Tarim,low_severity,,0.0,DUSUK
MAR_2024_01,MAR_2024_01_004188,40.20178,26.31998,0.0,0.0,0.21431047,0.5074955,19.764444,0.12700588,0.29155162,0.12582141,0.16573021,dusuk,Tarim,low_severity,,0.0,DUSUK
MAR_2024_01,MAR_2024_01_004189,40.2018,26.32292,0.0,0.0,0.13045482,0.5581391,18.342588,0.2241885,0.28210714,0.2246246,0.05748254,dusuk,Tarim,low_severity,,0.0,DUSUK
MAR_2024_01,MAR_2024_01_004190,40.20182,26.32586,0.0,0.0,0.15693581,0.8917425,16.389675,0.36771625,0.22263403,0.19502923,0.027604803,dusuk,Tarim,low_severity,,0.0,DUSUK
MAR_2024_01,MAR_2024_01_004191,40.20183,26.3288,0.14105453,0.0,0.1606321,1.129556,15.152374,0.58751166,0.21931332,0.19282472,0.026488602,dusuk,Tarim,low_severity,,0.0,DUSUK
MAR_2024_01,MAR_2024_01_004192,40.20185,26.33173,0.0,0.0,0.13318051,0.62388396,12.871905,0.7676758,0.20666558,0.17595366,0.03071192,dusuk,Tarim,low_severity,,0.0,DUSUK
MAR_2024_01,MAR_2024_01_004193,40.20187,26.33467,0.0,0.0,0.1510033,1.1796327,12.527858,0.8801237,0.33540738,0.24250728,0.0929001,dusuk,Tarim,low_severity,,0.0,DUSUK
MAR_2024_01,MAR_2024_01_004196,40.20192,26.34348,0.0012632186,0.0,0.14627206,3.8686616,18.07696,0.38731623,0.20305777,0.1351735,0.06788427,dusuk,Tarim,low_severity,,0.0,DUSUK
MAR_2024_01,MAR_2024_01_004200,40.20198,26.35523,0.08199585,0.0,0.10742446,5.1380854,11.001681,0.18702194,0.20908299,0.19193353,0.017149463,dusuk,Tarim,low_severity,,0.0,DUSUK
MAR_2024_01,MAR_2024_01_004243,40.19933,26.2877,0.6916896,0.41860127,0.106167614,1.3205528,19.777222,0.33974943,0.28360808,0.26968998,0.013918102,dusuk,Tarim,low_severity,,0.0,DUSUK
MAR_2024_01,MAR_2024_01_004244,40.19935,26.29063,0.3164106,0.0,0.14002496,1.1637919,18.706953,0.089810945,0.26066786,0.18576412,0.07490374,dusuk,Tarim,low_severity,,0.0,DUSUK
MAR_2024_01,MAR_2024_01_004245,40.19937,26.29357,0.1402397,0.0,0.1834839,0.63355064,18.502419,0.16031949,0.35082704,0.18787259,0.16295445,dusuk,Tarim,low_severity,,0.0,DUSUK
MAR_2024_01,MAR_2024_01_004246,40.19939,26.29651,0.013924884,0.0,0.20657991,0.3818025,18.778637,0.31621104,0.33098954,0.15259494,0.1783946,dusuk,Tarim,low_severity,,0.0,DUSUK
MAR_2024_01,MAR_2024_01_004247,40.19941,26.29945,0.0,0.0,0.13166769,0.30041623,20.321672,0.43073004,0.24428266,0.18002582,0.06425685,dusuk,Tarim,low_severity,,0.0,DUSUK
MAR_2024_01,MAR_2024_01_004248,40.19942,26.30238,0.0,0.0,0.18192725,0.14140476,20.882513,0.44750306,0.20568848,0.107171506,0.09851697,dusuk,Tarim,low_severity,,0.0,DUSUK
MAR_2024_01,MAR_2024_01_004249,40.19944,26.30532,0.0,0.0,0.14748931,0.12567058,20.376467,0.47221133,0.20613417,0.11185123,0.09428294,dusuk,Tarim,low_severity,,0.0,DUSUK
MAR_2024_01,MAR_2024_01_004252,40.19949,26.31413,0.0,0.0,0.13495478,0.26672396,19.864586,0.55301446,0.24332924,0.14898661,0.094342634,dusuk,Tarim,low_severity,,0.0,DUSUK
MAR_2024_01,MAR_2024_01_004253,40.19951,26.31707,0.0,0.0,0.16075389,0.39158484,19.644785,0.39430687,0.2863856,0.16111912,0.12526648,dusuk,Tarim,low_severity,,0.0,DUSUK
MAR_2024_01,MAR_2024_01_004254,40.19953,26.32001,0.0,0.0,0.2368035,1.2762142,19.933279,0.20732483,0.33035082,0.15198457,0.17836624,dusuk,Tarim,low_severity,,0.0,DUSUK
MAR_2024_01,MAR_2024_01_004255,40.19955,26.32294,0.0,0.0,0.17639343,0.73898053,18.85665,0.035481192,0.20585772,0.16656484,0.039292887,dusuk,Tarim,low_severity,,0.0,DUSUK
MAR_2024_01,MAR_2024_01_004258,40.1996,26.33175,0.0,0.0,0.13235502,2.0447655,16.819723,0.7852643,0.21694022,0.16640109,0.050539136,dusuk,Tarim,low_severity,,0.0,DUSUK
MAR_2024_01,MAR_2024_01_004259,40.19961,26.33469,0.0036398335,0.01420798,0.14458363,3.1107984,19.721466,0.85587955,0.26269633,0.19635195,0.06634438,dusuk,Tarim,low_severity,,0.0,DUSUK
MAR_2024_01,MAR_2024_01_004260,40.19963,26.33763,0.4486312,0.2364557,0.10561682,4.684689,29.403698,0.60965765,0.22997,0.21818902,0.011780977,dusuk,Tarim,low_severity,,0.0,DUSUK
MAR_2024_01,MAR_2024_01_004264,40.1997,26.34938,0.08947243,0.0,0.12251528,3.9767342,53.640987,0.42224786,0.21287528,0.18479523,0.028080046,dusuk,Tarim,low_severity,,0.0,DUSUK
MAR_2024_01,MAR_2024_01_004307,40.19705,26.28185,0.31467474,0.20980754,0.10612542,2.0037315,24.717308,0.482152,0.21458024,0.21212378,0.0024564564,dusuk,Tarim,low_severity,,0.0,DUSUK
MAR_2024_01,MAR_2024_01_004308,40.19706,26.28478,0.29580942,0.07919867,0.1141815,2.6219199,28.162266,0.45878208,0.21029451,0.18739069,0.02290383,dusuk,Tarim,low_severity,,0.0,DUSUK
MAR_2024_01,MAR_2024_01_004311,40.19712,26.2936,0.09757778,0.0,0.17343977,1.4400117,21.99642,0.11792835,0.22294398,0.1281903,0.09475368,dusuk,Tarim,low_severity,,0.0,DUSUK
MAR_2024_01,MAR_2024_01_004312,40.19714,26.29653,0.008445785,0.0,0.25356424,0.4556123,19.65816,0.32367873,0.3431703,0.11867581,0.22449447,dusuk,Tarim,low_severity,,0.0,DUSUK
MAR_2024_01,MAR_2024_01_004313,40.19715,26.29947,0.0,0.0,0.21337551,0.37217718,20.890911,0.38058728,0.2639725,0.11788255,0.14608994,dusuk,Tarim,low_severity,,0.0,DUSUK
MAR_2024_01,MAR_2024_01_004317,40.19722,26.31122,0.0,0.0,0.16332243,0.41653687,21.248186,0.69695395,0.22585022,0.1487301,0.077120125,dusuk,Tarim,low_severity,,0.0,DUSUK
MAR_2024_01,MAR_2024_01_004319,40.19726,26.31709,0.0,0.0,0.14431736,0.9411939,21.54233,0.5296307,0.20568064,0.14200997,0.063670665,dusuk,Tarim,low_severity,,0.0,DUSUK
MAR_2024_01,MAR_2024_01_004323,40.19733,26.32884,0.011545501,0.0,0.15165526,3.1718683,31.065632,0.4508259,0.20791802,0.1863668,0.021551222,dusuk,Tarim,low_severity,,0.0,DUSUK
MAR_2024_01,MAR_2024_01_004324,40.19734,26.33178,0.0,0.0,0.1308862,3.4731405,30.47092,0.6256796,0.20241204,0.14050323,0.06190881,dusuk,Tarim,low_severity,,0.0,DUSUK
MAR_2024_01,MAR_2024_01_004325,40.19736,26.33471,0.09177965,0.047272276,0.11385521,4.996982,33.98322,0.6395468,0.2354282,0.17059258,0.06483562,dusuk,Tarim,low_severity,,0.0,DUSUK
MAR_2024_01,MAR_2024_01_004373,40.19479,26.28187,0.3491355,0.20980754,0.12531954,3.0272622,34.45496,0.26303026,0.20966843,0.2085019,0.0011665225,dusuk,Tarim,low_severity,,0.0,DUSUK
MAR_2024_01,MAR_2024_01_004374,40.19481,26.28481,0.009627411,0.0,0.12529933,3.1144524,39.680096,0.21724492,0.20602003,0.1913884,0.014631629,dusuk,Tarim,low_severity,,0.0,DUSUK
MAR_2024_01,MAR_2024_01_004377,40.19487,26.29362,0.014923385,0.0,0.17411478,1.0177475,22.167406,0.15719883,0.22094476,0.1659694,0.05497536,dusuk,Tarim,low_severity,,0.0,DUSUK
MAR_2024_01,MAR_2024_01_004378,40.19488,26.29656,0.00087432493,0.0,0.27925518,0.45855775,21.485188,0.33995926,0.31909215,0.08347237,0.23561978,orta-dusuk,Tarim,predicted,0.1438,0.2195,DUSUK
MAR_2024_01,MAR_2024_01_004379,40.1949,26.29949,0.0,0.0,0.26410747,0.39636877,22.112944,0.3349013,0.34224427,0.12084029,0.22140399,dusuk,Tarim,low_severity,,0.0,DUSUK
MAR_2024_01,MAR_2024_01_004380,40.19492,26.30243,0.0,0.0,0.21058917,0.394706,23.105953,0.0994154,0.24882483,0.13850598,0.110318854,dusuk,Tarim,low_severity,,0.0,DUSUK
MAR_2024_01,MAR_2024_01_004381,40.19494,26.30537,0.0,0.0,0.28066313,0.50515306,23.225077,0.18057674,0.29395705,0.10591881,0.18803824,orta-dusuk,Tarim,low_severity,,0.0,DUSUK
MAR_2024_01,MAR_2024_01_004382,40.19495,26.3083,0.0,0.0,0.26268032,0.4709068,23.157328,0.42465574,0.32086688,0.12757319,0.19329369,dusuk,Tarim,low_severity,,0.0,DUSUK
MAR_2024_01,MAR_2024_01_004383,40.19497,26.31124,0.0,0.0,0.189942,0.56037056,23.318195,0.6730951,0.26391587,0.1798788,0.084037066,dusuk,Tarim,low_severity,,0.0,DUSUK
MAR_2024_01,MAR_2024_01_004384,40.19499,26.31418,0.0,0.0,0.22793484,0.805326,23.288427,0.61165047,0.2321156,0.10402483,0.12809077,dusuk,Tarim,low_severity,,0.0,DUSUK
MAR_2024_01,MAR_2024_01_004385,40.19501,26.31711,0.0,0.0,0.18222602,2.0807953,24.992302,0.51461935,0.22395293,0.14172634,0.08222659,dusuk,Tarim,low_severity,,0.0,DUSUK
MAR_2024_01,MAR_2024_01_004419,40.19555,26.41697,0.3561619,0.02310339,0.11138904,4.1513186,5.4961257,0.89410806,0.32357812,0.25414515,0.069432974,dusuk,Otlak/calilik,low_severity,,0.0,DUSUK
MAR_2024_01,MAR_2024_01_004420,40.19557,26.41991,0.0,0.0,0.13696632,4.419817,3.4566936,0.93730277,0.22688843,0.17377558,0.05311285,dusuk,Tarim,low_severity,,0.0,DUSUK
MAR_2024_01,MAR_2024_01_004421,40.19558,26.42285,0.0,0.0,0.18952613,9.353392,6.807237,0.69156957,0.27479088,0.15565862,0.119132265,dusuk,Tarim,low_severity,,0.0,DUSUK
MAR_2024_01,MAR_2024_01_004443,40.19261,26.29364,0.0,0.0,0.20797925,8.87928,22.930544,0.4006443,0.28047395,0.12387413,0.15659982,dusuk,Tarim,low_severity,,0.0,DUSUK
MAR_2024_01,MAR_2024_01_004444,40.19263,26.29658,0.0,0.0,0.23735644,8.88362,22.847704,0.5013748,0.2562877,0.10085852,0.15542918,dusuk,Tarim,low_severity,,0.0,DUSUK
MAR_2024_01,MAR_2024_01_004445,40.19265,26.29952,0.0,0.0,0.32979634,8.782538,23.268957,0.4521848,0.3664953,0.0957305,0.27076483,orta-dusuk,Tarim,predicted,0.185,0.3944,ORTA
MAR_2024_01,MAR_2024_01_004446,40.19267,26.30245,0.0,0.0,0.26758626,8.580957,24.113655,0.3196805,0.37983996,0.17883784,0.20100212,dusuk,Tarim,low_severity,,0.0,DUSUK
MAR_2024_01,MAR_2024_01_004447,40.19268,26.30539,0.0,0.0,0.23736334,8.4722595,24.737772,0.35344046,0.2347537,0.10772164,0.12703206,dusuk,Tarim,low_severity,,0.0,DUSUK
MAR_2024_01,MAR_2024_01_004448,40.1927,26.30833,0.0,0.0,0.21145181,8.486177,24.771791,0.5221539,0.27266157,0.12644774,0.14621383,dusuk,Tarim,low_severity,,0.0,DUSUK
MAR_2024_01,MAR_2024_01_004449,40.19272,26.31126,0.0,0.0,0.19803077,8.918153,25.146461,0.6464352,0.2529204,0.14194265,0.11097774,dusuk,Tarim,low_severity,,0.0,DUSUK
MAR_2024_01,MAR_2024_01_004450,40.19274,26.3142,0.0,0.0,0.2147745,8.599944,29.950127,0.42848024,0.20482667,0.12806676,0.076759905,dusuk,Tarim,low_severity,,0.0,DUSUK
MAR_2024_01,MAR_2024_01_004451,40.19275,26.31714,0.0,0.0,0.17347698,7.49802,33.876022,0.27260253,0.23773843,0.12861162,0.109126806,dusuk,Tarim,low_severity,,0.0,DUSUK
MAR_2024_01,MAR_2024_01_004485,40.1933,26.41699,0.24345216,0.08170095,0.17732306,13.953232,3.1111827,0.7838082,0.47607577,0.31426716,0.16180861,dusuk,Tarim,low_severity,,0.0,DUSUK
MAR_2024_01,MAR_2024_01_004486,40.19332,26.41993,0.0,0.0,0.12825733,14.533464,4.680329,0.93113405,0.265315,0.22838907,0.036925927,dusuk,Tarim,low_severity,,0.0,DUSUK
MAR_2024_01,MAR_2024_01_004487,40.19333,26.42286,0.0,0.0,0.15580475,9.069649,6.241691,0.6831855,0.3920676,0.27809623,0.11397138,dusuk,Tarim,low_severity,,0.0,DUSUK
